# unix_time, cycles_done, cur_path, paths_total, pending_total, pending_favs, map_size, unique_crashes, unique_hangs, max_depth, execs_per_sec
1572617782, 0, 0, 1, 1, 1, 0.36%, 0, 0, 1, 1000.00
1572617787, 0, 0, 50, 50, 1, 0.51%, 47, 0, 2, 1857.50
1572617792, 0, 0, 69, 69, 1, 0.51%, 47, 0, 2, 1781.02
1572617797, 0, 0, 72, 72, 1, 0.51%, 47, 0, 2, 1753.55
1572617802, 0, 0, 73, 73, 1, 0.51%, 47, 0, 2, 1758.22
1572617808, 0, 0, 77, 77, 1, 0.51%, 47, 0, 2, 1751.87
1572617818, 0, 0, 78, 78, 1, 0.51%, 47, 0, 2, 1330.55
1572617823, 0, 0, 79, 79, 1, 0.52%, 47, 0, 2, 812.04
1572617905, 0, 1, 79, 79, 25, 0.52%, 47, 0, 2, 64.55
1572617910, 0, 1, 80, 80, 25, 0.52%, 47, 0, 3, 156.18
1572617921, 0, 1, 81, 81, 25, 0.52%, 47, 0, 3, 184.26
1572617982, 0, 2, 81, 81, 25, 0.52%, 49, 0, 3, 169.73
1572617992, 0, 2, 81, 81, 25, 0.52%, 52, 0, 3, 184.83
1572618013, 0, 3, 82, 82, 25, 0.52%, 55, 0, 3, 1840.82
1572618018, 0, 3, 83, 83, 25, 0.52%, 56, 0, 3, 1513.95
1572618028, 0, 6, 83, 83, 26, 0.52%, 56, 0, 3, 172.52
1572618034, 0, 6, 83, 83, 26, 0.52%, 58, 0, 3, 183.83
1572618039, 0, 6, 84, 84, 26, 0.52%, 58, 0, 3, 186.86
1572618085, 0, 6, 84, 84, 26, 0.52%, 59, 0, 3, 184.89
1572618146, 0, 11, 84, 84, 26, 0.52%, 59, 0, 3, 178.91
1572618218, 0, 11, 85, 85, 26, 0.52%, 59, 0, 3, 185.98
1572618228, 0, 11, 85, 85, 26, 0.52%, 60, 0, 3, 185.10
1572618239, 0, 11, 85, 85, 26, 0.52%, 61, 0, 3, 186.30
1572618280, 0, 11, 85, 85, 26, 0.52%, 62, 0, 3, 187.45
1572618300, 0, 12, 85, 85, 26, 0.52%, 62, 0, 3, 163.92
1572618310, 0, 12, 85, 85, 26, 0.52%, 63, 0, 3, 180.60
1572618316, 0, 12, 85, 85, 26, 0.52%, 64, 0, 3, 181.87
1572618372, 0, 12, 85, 85, 26, 0.52%, 65, 0, 3, 185.06
1572618459, 0, 13, 85, 85, 26, 0.52%, 65, 0, 3, 167.35
1572618470, 0, 13, 86, 86, 26, 0.52%, 65, 0, 3, 182.78
1572618613, 0, 13, 87, 87, 26, 0.52%, 65, 0, 3, 153.58
1572618623, 0, 13, 88, 88, 26, 0.52%, 65, 0, 3, 153.46
1572618649, 0, 13, 89, 89, 26, 0.52%, 65, 0, 3, 151.37
1572618710, 0, 14, 89, 89, 26, 0.52%, 65, 0, 3, 166.18
1572618777, 0, 14, 89, 89, 26, 0.52%, 66, 0, 3, 188.76
1572618798, 0, 14, 89, 89, 26, 0.52%, 67, 0, 3, 180.51
1572618839, 0, 14, 89, 89, 26, 0.52%, 67, 1, 3, 167.45
1572618874, 0, 16, 89, 89, 26, 0.52%, 67, 1, 3, 155.47
1572618885, 0, 16, 90, 90, 26, 0.52%, 67, 1, 3, 184.33
1572618890, 0, 16, 91, 91, 26, 0.52%, 67, 1, 3, 185.98
1572618916, 0, 16, 92, 92, 26, 0.52%, 68, 1, 3, 1701.78
1572618936, 0, 17, 92, 92, 26, 0.52%, 68, 1, 3, 158.89
1572619095, 0, 18, 92, 92, 26, 0.52%, 68, 1, 3, 163.55
1572619110, 0, 18, 93, 93, 26, 0.52%, 69, 1, 3, 185.03
1572619254, 0, 19, 93, 93, 26, 0.52%, 69, 1, 3, 167.83
1572619341, 0, 19, 93, 93, 26, 0.52%, 70, 1, 3, 186.65
1572619423, 0, 20, 93, 93, 26, 0.52%, 70, 1, 3, 159.68
1572619572, 0, 20, 94, 94, 26, 0.52%, 70, 1, 3, 162.33
1572619608, 0, 21, 94, 94, 26, 0.52%, 70, 1, 3, 162.25
1572619777, 0, 23, 94, 94, 26, 0.52%, 70, 1, 3, 176.27
1572619838, 0, 24, 94, 94, 26, 0.52%, 70, 1, 3, 164.72
1572620002, 0, 49, 94, 94, 26, 0.52%, 70, 1, 3, 169.92
1572620012, 0, 49, 95, 95, 26, 0.52%, 74, 1, 3, 181.38
1572620023, 0, 49, 96, 96, 26, 0.52%, 74, 1, 3, 187.47
1572620105, 0, 49, 97, 97, 26, 0.52%, 74, 1, 3, 182.95
1572620187, 0, 49, 98, 98, 26, 0.52%, 74, 1, 3, 185.26
1572620197, 0, 49, 98, 98, 26, 0.52%, 75, 1, 3, 184.18
1572620202, 0, 49, 98, 98, 26, 0.52%, 76, 1, 3, 183.51
1572620212, 0, 49, 99, 99, 26, 0.52%, 76, 1, 3, 170.66
1572620223, 0, 49, 100, 100, 26, 0.52%, 76, 1, 3, 157.61
1572620274, 0, 49, 102, 102, 26, 0.52%, 76, 1, 3, 153.86
1572620299, 0, 49, 103, 103, 26, 0.52%, 76, 1, 3, 153.93
1572620325, 0, 49, 104, 104, 26, 0.52%, 76, 1, 3, 155.85
1572620402, 0, 49, 105, 105, 26, 0.52%, 76, 1, 3, 154.95
1572620530, 0, 52, 105, 105, 26, 0.52%, 76, 1, 3, 177.57
1572620592, 0, 56, 105, 105, 26, 0.52%, 76, 1, 3, 158.19
1572620710, 0, 58, 105, 105, 26, 0.52%, 76, 1, 3, 1420.26
1572620750, 0, 62, 105, 105, 26, 0.52%, 76, 1, 3, 168.36
1572620945, 0, 74, 105, 105, 26, 0.52%, 76, 1, 3, 176.77
1572621017, 0, 74, 105, 105, 26, 0.52%, 77, 1, 3, 183.87
1572621073, 0, 75, 105, 105, 26, 0.52%, 77, 1, 3, 176.09
1572621125, 0, 75, 106, 106, 26, 0.52%, 77, 1, 3, 186.09
1572621202, 0, 81, 106, 106, 26, 0.52%, 77, 1, 3, 176.70
1572621299, 0, 81, 108, 108, 26, 0.52%, 77, 1, 4, 185.28
1572621304, 0, 81, 110, 110, 26, 0.52%, 77, 1, 4, 181.14
1572621325, 0, 81, 110, 110, 26, 0.52%, 78, 1, 4, 184.17
1572621371, 0, 82, 110, 110, 26, 0.52%, 78, 1, 4, 163.64
1572621473, 0, 82, 111, 111, 26, 0.52%, 78, 1, 4, 183.28
1572621478, 0, 82, 112, 112, 26, 0.52%, 78, 1, 4, 185.21
1572621545, 0, 91, 112, 112, 26, 0.52%, 78, 1, 4, 174.63
1572621617, 0, 91, 113, 113, 26, 0.52%, 78, 1, 4, 1605.52
1572621622, 0, 91, 115, 115, 26, 0.52%, 78, 1, 4, 1039.47
1572621765, 1, 1, 115, 115, 26, 0.52%, 78, 1, 4, 155.51
1572621776, 1, 2, 115, 115, 26, 0.52%, 78, 1, 4, 159.51
1572621786, 1, 3, 115, 115, 26, 0.52%, 78, 1, 4, 156.53
1572621791, 1, 3, 116, 116, 26, 0.52%, 78, 1, 4, 155.35
1572621801, 1, 6, 116, 116, 26, 0.52%, 78, 1, 4, 153.48
1572621811, 1, 11, 116, 116, 26, 0.52%, 78, 1, 4, 155.07
1572621822, 1, 12, 116, 116, 26, 0.52%, 78, 1, 4, 155.61
1572621827, 1, 13, 116, 116, 26, 0.52%, 78, 1, 4, 155.90
1572621832, 1, 14, 116, 116, 26, 0.52%, 78, 1, 4, 156.94
1572621837, 1, 16, 116, 116, 26, 0.52%, 78, 1, 4, 156.27
1572621847, 1, 17, 116, 116, 26, 0.52%, 78, 1, 4, 152.30
1572621858, 1, 18, 116, 116, 26, 0.52%, 78, 1, 4, 158.89
1572621863, 1, 19, 116, 116, 26, 0.52%, 78, 1, 4, 156.55
1572621868, 1, 20, 116, 116, 26, 0.52%, 78, 1, 4, 157.32
1572621878, 1, 21, 116, 116, 26, 0.52%, 78, 1, 4, 154.08
1572621883, 1, 23, 116, 116, 26, 0.52%, 78, 1, 4, 155.47
1572621894, 1, 24, 116, 116, 26, 0.52%, 78, 1, 4, 153.43
1572621904, 1, 49, 116, 116, 26, 0.52%, 78, 1, 4, 153.25
1572621914, 1, 52, 116, 116, 26, 0.52%, 78, 1, 4, 155.33
1572621919, 1, 52, 117, 117, 26, 0.52%, 78, 1, 4, 156.05
1572621929, 1, 56, 117, 117, 26, 0.52%, 78, 1, 4, 153.63
1572621940, 1, 58, 117, 117, 26, 0.52%, 78, 1, 4, 158.07
1572621950, 1, 62, 117, 117, 26, 0.52%, 78, 1, 4, 156.53
1572621960, 1, 74, 117, 117, 26, 0.52%, 78, 1, 4, 158.61
1572621971, 1, 75, 117, 117, 26, 0.52%, 78, 1, 4, 155.69
1572621981, 1, 81, 117, 117, 26, 0.52%, 78, 1, 4, 155.02
1572621986, 1, 82, 117, 117, 26, 0.52%, 78, 1, 4, 152.70
1572621996, 1, 91, 117, 117, 26, 0.52%, 78, 1, 4, 153.39
1572622006, 2, 1, 118, 118, 26, 0.52%, 78, 1, 4, 157.26
1572622012, 2, 1, 119, 119, 26, 0.52%, 78, 1, 4, 159.48
1572622017, 2, 1, 120, 120, 26, 0.52%, 78, 1, 4, 157.94
1572622053, 2, 1, 121, 121, 26, 0.52%, 78, 1, 4, 149.97
1572622078, 2, 1, 122, 122, 26, 0.52%, 78, 1, 4, 155.57
1572622083, 2, 1, 123, 123, 26, 0.52%, 78, 1, 4, 146.11
1572622088, 2, 2, 123, 123, 27, 0.52%, 78, 1, 4, 154.94
1572622099, 2, 3, 123, 123, 27, 0.52%, 78, 1, 4, 155.05
1572622109, 2, 11, 124, 124, 27, 0.53%, 78, 1, 4, 150.83
1572622124, 2, 11, 125, 125, 27, 0.53%, 78, 1, 4, 155.93
1572622145, 2, 12, 125, 125, 27, 0.53%, 78, 1, 4, 153.63
1572622155, 2, 13, 125, 125, 27, 0.53%, 78, 1, 4, 151.89
1572622165, 2, 14, 125, 125, 27, 0.53%, 78, 1, 4, 156.87
1572622171, 2, 14, 126, 126, 27, 0.53%, 78, 1, 4, 156.21
1572622186, 2, 16, 126, 126, 27, 0.53%, 78, 1, 4, 156.45
1572622196, 2, 17, 126, 126, 27, 0.53%, 78, 1, 4, 155.44
1572622206, 2, 18, 126, 126, 27, 0.53%, 78, 1, 4, 151.33
1572622217, 2, 19, 126, 126, 27, 0.53%, 78, 1, 4, 153.34
1572622227, 2, 20, 126, 126, 27, 0.53%, 78, 1, 4, 154.51
1572622237, 2, 21, 126, 126, 27, 0.53%, 78, 1, 4, 153.54
1572622247, 2, 23, 126, 126, 27, 0.53%, 79, 1, 4, 153.33
1572622258, 2, 24, 126, 126, 27, 0.53%, 79, 1, 4, 153.58
1572622268, 2, 43, 126, 126, 27, 0.53%, 79, 1, 4, 174.31
1572622273, 2, 43, 127, 127, 27, 0.53%, 79, 1, 4, 181.75
1572622452, 2, 49, 128, 128, 27, 0.53%, 79, 1, 4, 152.18
1572622468, 2, 52, 128, 128, 27, 0.53%, 79, 1, 4, 155.84
1572622478, 2, 56, 128, 128, 27, 0.53%, 79, 1, 4, 157.35
1572622488, 2, 62, 128, 128, 27, 0.53%, 79, 1, 4, 155.30
1572622499, 2, 74, 128, 128, 27, 0.53%, 79, 1, 4, 151.02
1572622509, 2, 75, 128, 128, 27, 0.53%, 79, 1, 4, 1697.77
1572622514, 2, 123, 128, 128, 27, 0.53%, 80, 1, 4, 1610.59
1572622673, 2, 123, 134, 134, 27, 0.53%, 80, 1, 4, 159.30
1572623298, 2, 123, 135, 135, 27, 0.53%, 80, 1, 4, 159.52
1572623780, 2, 123, 136, 136, 27, 0.53%, 80, 1, 4, 156.69
1572632414, 2, 123, 137, 137, 27, 0.53%, 80, 1, 4, 1778.96
1572632619, 2, 123, 138, 138, 27, 0.53%, 80, 1, 4, 174.02
1572636610, 2, 123, 139, 139, 27, 0.53%, 80, 1, 4, 165.51
1572636636, 2, 123, 140, 140, 27, 0.53%, 80, 1, 4, 166.22
1572636667, 2, 123, 141, 141, 27, 0.53%, 80, 1, 4, 165.16
