# unix_time, cycles_done, cur_path, paths_total, pending_total, pending_favs, map_size, unique_crashes, unique_hangs, max_depth, execs_per_sec
1573749846, 0, 0, 1, 1, 1, 2.59%, 0, 0, 1, 98.77
1573750292, 1, 0, 1, 1, 1, 2.59%, 0, 0, 1, 126.28
1573750298, 2, 0, 1, 1, 1, 2.59%, 0, 0, 1, 127.14
1573750303, 4, 0, 1, 1, 1, 2.59%, 0, 0, 1, 127.63
1573750308, 5, 0, 1, 1, 1, 2.59%, 0, 0, 1, 127.69
1573750313, 6, 0, 1, 1, 1, 2.59%, 0, 0, 1, 128.85
1573750318, 7, 0, 1, 1, 1, 2.59%, 0, 0, 1, 129.54
1573750323, 9, 0, 1, 1, 1, 2.59%, 0, 0, 1, 128.62
1573750328, 10, 0, 1, 1, 1, 2.59%, 0, 0, 1, 125.68
1573750333, 11, 0, 1, 1, 1, 2.59%, 0, 0, 1, 126.79
1573750339, 13, 0, 1, 1, 1, 2.59%, 0, 0, 1, 128.68
1573750344, 14, 0, 1, 1, 1, 2.59%, 0, 0, 1, 128.60
1573750349, 15, 0, 1, 1, 1, 2.59%, 0, 0, 1, 129.97
1573750354, 16, 0, 1, 1, 1, 2.59%, 0, 0, 1, 128.06
1573750359, 18, 0, 1, 1, 1, 2.59%, 0, 0, 1, 129.53
1573750364, 19, 0, 1, 1, 1, 2.59%, 0, 0, 1, 128.19
1573750369, 20, 0, 1, 1, 1, 2.59%, 0, 0, 1, 128.36
1573750375, 22, 0, 1, 1, 1, 2.59%, 0, 0, 1, 129.49
1573750380, 23, 0, 1, 1, 1, 2.59%, 0, 0, 1, 127.19
1573750385, 24, 0, 1, 1, 1, 2.59%, 0, 0, 1, 126.53
1573750390, 25, 0, 1, 1, 1, 2.59%, 0, 0, 1, 126.00
1573750395, 27, 0, 1, 1, 1, 2.59%, 0, 0, 1, 126.24
1573750400, 28, 0, 1, 1, 1, 2.59%, 0, 0, 1, 125.00
1573750405, 29, 0, 1, 1, 1, 2.59%, 0, 0, 1, 125.85
1573750410, 30, 0, 1, 1, 1, 2.59%, 0, 0, 1, 124.83
1573750415, 32, 0, 1, 1, 1, 2.59%, 0, 0, 1, 125.84
1573750421, 33, 0, 1, 1, 1, 2.59%, 0, 0, 1, 127.91
1573750426, 34, 0, 1, 1, 1, 2.59%, 0, 0, 1, 126.37
1573750431, 35, 0, 1, 1, 1, 2.59%, 0, 0, 1, 127.90
1573750436, 37, 0, 1, 1, 1, 2.59%, 0, 0, 1, 128.17
1573750441, 38, 0, 1, 1, 1, 2.59%, 0, 0, 1, 127.60
1573750446, 39, 0, 1, 1, 1, 2.59%, 0, 0, 1, 129.16
1573750451, 39, 0, 10, 10, 1, 2.83%, 0, 0, 2, 123.46
1573750457, 39, 0, 14, 14, 1, 2.83%, 0, 0, 2, 122.93
1573750462, 39, 0, 15, 15, 1, 2.83%, 0, 0, 2, 122.87
1573750467, 39, 0, 16, 16, 1, 2.83%, 0, 0, 2, 123.03
1573750482, 39, 0, 17, 17, 1, 2.83%, 0, 0, 2, 126.72
1573750487, 39, 0, 19, 19, 1, 2.83%, 0, 0, 2, 126.65
1573750492, 39, 0, 20, 20, 1, 2.83%, 0, 0, 2, 127.37
1573750513, 39, 0, 21, 21, 1, 2.83%, 0, 0, 2, 125.87
1573750528, 39, 0, 22, 22, 1, 2.83%, 0, 0, 2, 127.26
1573750533, 39, 0, 23, 23, 1, 2.83%, 0, 0, 2, 124.45
1573750569, 39, 0, 24, 24, 1, 2.84%, 0, 0, 2, 126.46
1573750580, 39, 4, 24, 24, 5, 2.84%, 0, 0, 2, 134.65
1573750810, 39, 4, 25, 25, 5, 2.84%, 1, 0, 3, 1395.55
1573750825, 39, 4, 26, 26, 5, 8.60%, 1, 0, 3, 136.91
1573751595, 39, 4, 26, 26, 5, 8.60%, 2, 0, 3, 138.54
1573751600, 39, 4, 27, 27, 5, 8.60%, 3, 0, 3, 136.44
1573751605, 39, 4, 28, 28, 5, 8.61%, 5, 0, 3, 136.43
1573751610, 39, 4, 29, 29, 5, 8.61%, 8, 0, 3, 135.76
1573751615, 39, 4, 29, 29, 5, 8.61%, 10, 0, 3, 137.29
1573751646, 39, 4, 29, 29, 5, 8.61%, 11, 0, 3, 135.90
1573751666, 39, 4, 29, 29, 5, 8.61%, 13, 0, 3, 138.47
1573751672, 39, 4, 29, 29, 5, 8.61%, 14, 0, 3, 138.13
1573751677, 39, 4, 29, 29, 5, 8.61%, 16, 0, 3, 138.73
1573751687, 39, 4, 29, 29, 5, 8.61%, 17, 0, 3, 133.84
1573751697, 39, 4, 29, 29, 5, 8.61%, 18, 0, 3, 135.04
1573751707, 39, 4, 29, 29, 5, 8.61%, 19, 0, 3, 1530.44
1573751713, 39, 4, 29, 29, 5, 8.61%, 25, 0, 3, 1475.94
1573751718, 39, 4, 29, 29, 5, 8.61%, 31, 0, 3, 1074.22
1573751723, 39, 4, 29, 29, 5, 8.61%, 35, 0, 3, 135.47
1573752400, 39, 4, 29, 29, 5, 8.61%, 36, 0, 3, 135.25
1573752405, 39, 4, 30, 30, 5, 8.62%, 37, 0, 3, 134.99
1573752410, 39, 4, 30, 30, 5, 8.62%, 38, 0, 3, 135.80
1573752415, 39, 4, 31, 31, 5, 8.62%, 45, 0, 3, 137.73
1573752451, 39, 4, 31, 31, 5, 8.62%, 46, 0, 3, 137.51
1573752456, 39, 4, 31, 31, 5, 8.62%, 47, 0, 3, 137.57
1573752461, 39, 4, 31, 31, 5, 8.62%, 48, 0, 3, 137.38
1573752466, 39, 4, 31, 31, 5, 8.62%, 49, 0, 3, 136.41
1573752482, 39, 4, 31, 31, 5, 8.62%, 50, 0, 3, 133.37
1573752502, 39, 4, 31, 31, 5, 8.62%, 51, 0, 3, 136.96
1573752513, 39, 4, 31, 31, 5, 8.62%, 54, 0, 3, 136.84
1573752518, 39, 4, 31, 31, 5, 8.62%, 55, 0, 3, 137.29
1573752523, 39, 4, 31, 31, 5, 8.62%, 57, 0, 3, 137.85
1573752528, 39, 4, 31, 31, 5, 8.62%, 59, 0, 3, 137.23
1573752533, 39, 4, 32, 32, 5, 8.62%, 62, 0, 3, 136.54
1573752554, 39, 4, 32, 32, 5, 8.62%, 64, 0, 3, 134.11
1573752569, 39, 4, 32, 32, 5, 8.62%, 65, 0, 3, 135.17
1573752579, 39, 4, 33, 33, 5, 8.62%, 67, 0, 3, 135.91
1573752595, 39, 4, 33, 33, 5, 8.62%, 68, 0, 3, 136.63
1573752610, 39, 4, 33, 33, 5, 8.62%, 69, 0, 3, 1492.74
1573758911, 39, 4, 34, 34, 5, 8.63%, 70, 0, 3, 1274.38
1573758916, 39, 4, 37, 37, 5, 8.64%, 82, 0, 3, 1179.77
1573758921, 39, 4, 37, 37, 5, 8.64%, 84, 0, 3, 784.45
1573758936, 39, 4, 37, 37, 5, 8.64%, 85, 0, 3, 136.30
1573758941, 39, 4, 37, 37, 5, 8.64%, 87, 0, 3, 137.15
1573758946, 39, 4, 37, 37, 5, 8.64%, 88, 0, 3, 138.70
1573758952, 39, 4, 37, 37, 5, 8.64%, 90, 0, 3, 138.08
1573758962, 39, 4, 37, 37, 5, 8.64%, 91, 0, 3, 136.43
1573758967, 39, 4, 37, 37, 5, 8.64%, 93, 0, 3, 137.95
1573758977, 39, 4, 37, 37, 5, 8.64%, 94, 0, 3, 134.54
1573758987, 39, 4, 37, 37, 5, 8.64%, 96, 0, 3, 133.39
1573759003, 39, 4, 37, 37, 5, 8.64%, 100, 0, 3, 136.83
1573759008, 39, 4, 37, 37, 5, 8.64%, 101, 0, 3, 137.10
1573759013, 39, 4, 37, 37, 5, 8.64%, 102, 0, 3, 135.25
1573759018, 39, 4, 37, 37, 5, 8.64%, 103, 0, 3, 135.65
1573759023, 39, 4, 37, 37, 5, 8.64%, 104, 0, 3, 132.16
1573759034, 39, 4, 37, 37, 5, 8.64%, 105, 0, 3, 132.98
1573759054, 39, 4, 37, 37, 5, 8.64%, 106, 0, 3, 133.99
1573759746, 39, 4, 37, 37, 5, 8.64%, 107, 0, 3, 135.10
1573759751, 39, 4, 38, 38, 5, 8.64%, 109, 0, 3, 135.42
1573759756, 39, 4, 38, 38, 5, 8.64%, 110, 0, 3, 134.33
1573759762, 39, 4, 39, 39, 5, 8.64%, 113, 0, 3, 134.91
1573759767, 39, 4, 39, 39, 5, 8.64%, 116, 0, 3, 136.24
1573759798, 39, 4, 39, 39, 5, 8.64%, 117, 0, 3, 137.71
1573759803, 39, 4, 39, 39, 5, 8.64%, 120, 0, 3, 134.85
1573759808, 39, 4, 39, 39, 5, 8.64%, 122, 0, 3, 905.01
1573759813, 39, 4, 40, 40, 5, 8.65%, 131, 0, 3, 1321.29
1573759818, 39, 4, 40, 40, 5, 8.65%, 135, 0, 3, 1015.33
1573759823, 39, 4, 40, 40, 5, 8.65%, 138, 0, 3, 131.15
1573759834, 39, 4, 40, 40, 5, 8.65%, 139, 0, 3, 136.22
1573759839, 39, 4, 40, 40, 5, 8.65%, 140, 0, 3, 136.54
1573759869, 39, 4, 41, 41, 5, 8.65%, 140, 0, 3, 132.62
1573818361, 39, 4, 42, 42, 5, 8.65%, 143, 0, 3, 138.49
1573818366, 39, 4, 42, 42, 5, 8.65%, 145, 0, 3, 137.70
1573818371, 39, 4, 42, 42, 5, 8.65%, 150, 0, 3, 138.24
1573818376, 39, 4, 43, 43, 5, 8.65%, 154, 0, 3, 135.30
1573818412, 39, 4, 43, 43, 5, 8.65%, 155, 0, 3, 137.90
1573818432, 39, 4, 43, 43, 5, 8.65%, 157, 0, 3, 136.50
1573818437, 39, 4, 43, 43, 5, 8.65%, 158, 0, 3, 135.78
1573818443, 39, 4, 43, 43, 5, 8.65%, 160, 0, 3, 133.60
1573818468, 39, 4, 43, 43, 5, 8.65%, 162, 0, 3, 135.19
1573818473, 39, 4, 43, 43, 5, 8.65%, 163, 0, 3, 136.13
1573818484, 39, 4, 43, 43, 5, 8.65%, 165, 0, 3, 135.76
1573818499, 39, 4, 43, 43, 5, 8.65%, 167, 0, 3, 132.82
1573818504, 39, 4, 44, 44, 5, 8.66%, 167, 0, 3, 134.15
1573818509, 39, 4, 44, 44, 5, 8.66%, 168, 0, 3, 135.81
1573818514, 39, 4, 44, 44, 5, 8.66%, 169, 0, 3, 137.48
1573818525, 39, 4, 44, 44, 5, 8.66%, 170, 0, 3, 137.46
1573818530, 39, 4, 44, 44, 5, 8.66%, 171, 0, 3, 137.22
1573818535, 39, 4, 44, 44, 5, 8.66%, 172, 0, 3, 135.64
1573818550, 39, 4, 44, 44, 5, 8.66%, 173, 0, 3, 131.05
1573818566, 39, 4, 44, 44, 5, 8.66%, 174, 0, 3, 135.84
1573818571, 39, 4, 45, 45, 5, 8.66%, 175, 0, 3, 134.54
1573818576, 39, 4, 45, 45, 5, 8.66%, 176, 0, 3, 136.12
1573818581, 39, 4, 45, 45, 5, 8.66%, 177, 0, 3, 138.97
1573819161, 39, 4, 46, 46, 5, 8.66%, 177, 0, 3, 136.92
1573819166, 39, 4, 46, 46, 5, 8.66%, 179, 0, 3, 136.85
1573819171, 39, 4, 46, 46, 5, 8.66%, 181, 0, 3, 138.45
1573819176, 39, 4, 47, 47, 5, 8.67%, 187, 0, 3, 138.26
1573819181, 39, 4, 47, 47, 5, 8.67%, 188, 0, 3, 137.92
1573819207, 39, 4, 48, 48, 5, 8.67%, 188, 0, 3, 131.76
1573819212, 39, 4, 48, 48, 5, 8.67%, 189, 0, 3, 132.53
1573819217, 39, 4, 48, 48, 5, 8.67%, 190, 0, 3, 137.64
1573819222, 39, 4, 48, 48, 5, 8.67%, 191, 0, 3, 137.08
1573819227, 39, 4, 49, 49, 5, 8.67%, 191, 0, 3, 138.26
1573819233, 39, 4, 49, 49, 5, 8.67%, 192, 0, 3, 137.94
1573819258, 39, 4, 49, 49, 5, 8.67%, 193, 0, 3, 135.71
1573819268, 39, 4, 49, 49, 5, 8.67%, 195, 0, 3, 138.30
1573819274, 39, 4, 49, 49, 5, 8.67%, 196, 0, 3, 134.74
1573819279, 39, 4, 49, 49, 5, 8.67%, 197, 0, 3, 137.43
1573819310, 39, 4, 49, 49, 5, 8.67%, 198, 0, 3, 136.73
1573819315, 39, 4, 49, 49, 5, 8.67%, 199, 0, 3, 137.46
1573819320, 39, 4, 49, 49, 5, 8.67%, 200, 0, 3, 136.05
1573819325, 39, 4, 49, 49, 5, 8.67%, 202, 0, 3, 132.05
1573819330, 39, 4, 49, 49, 5, 8.67%, 203, 0, 3, 131.02
1573819335, 39, 4, 49, 49, 5, 8.67%, 204, 0, 3, 131.15
1573819340, 39, 4, 49, 49, 5, 8.67%, 206, 0, 3, 130.71
1573819356, 39, 4, 50, 50, 5, 8.68%, 206, 0, 3, 134.78
1573819361, 39, 4, 50, 50, 5, 8.68%, 207, 0, 3, 134.08
1573819366, 39, 4, 50, 50, 5, 8.68%, 208, 0, 3, 133.56
1573819371, 39, 4, 50, 50, 5, 8.68%, 211, 0, 3, 133.16
1573819976, 39, 4, 50, 50, 5, 8.68%, 212, 0, 3, 135.49
1573819986, 39, 4, 51, 51, 5, 8.68%, 213, 0, 3, 136.20
1573819991, 39, 4, 53, 53, 5, 8.68%, 219, 0, 3, 136.79
1573819996, 39, 4, 54, 54, 5, 8.69%, 219, 0, 3, 132.58
1573820027, 39, 4, 54, 54, 5, 8.69%, 220, 0, 3, 133.25
1573820053, 39, 4, 54, 54, 5, 8.69%, 221, 0, 3, 134.32
1573820063, 39, 4, 54, 54, 5, 8.69%, 223, 0, 3, 137.57
1573820073, 39, 4, 54, 54, 5, 8.69%, 224, 0, 3, 135.08
1573820084, 39, 4, 54, 54, 5, 8.69%, 225, 0, 3, 137.48
1573820094, 39, 4, 54, 54, 5, 8.69%, 227, 0, 3, 137.92
1573820109, 39, 4, 54, 54, 5, 8.69%, 229, 0, 3, 139.04
1573820114, 39, 4, 54, 54, 5, 8.69%, 231, 0, 3, 132.06
1573820119, 39, 4, 54, 54, 5, 8.69%, 232, 0, 3, 134.80
1573820125, 39, 4, 54, 54, 5, 8.69%, 233, 0, 3, 134.34
1573820130, 39, 4, 54, 54, 5, 8.69%, 234, 0, 3, 137.23
1573820135, 39, 4, 54, 54, 5, 8.69%, 235, 0, 3, 138.29
1573820140, 39, 4, 54, 54, 5, 8.69%, 236, 0, 3, 134.49
1573820145, 39, 4, 54, 54, 5, 8.69%, 237, 0, 3, 137.12
1573820150, 39, 4, 54, 54, 5, 8.69%, 239, 0, 3, 136.86
1573820161, 39, 4, 54, 54, 5, 8.69%, 240, 0, 3, 138.26
1573820166, 39, 4, 54, 54, 5, 8.69%, 242, 0, 3, 136.70
1573820176, 39, 4, 54, 54, 5, 8.69%, 243, 0, 3, 137.89
1573820181, 39, 4, 54, 54, 5, 8.69%, 244, 0, 3, 138.09
1573820186, 39, 4, 54, 54, 5, 8.69%, 245, 0, 3, 137.88
1573821613, 39, 4, 54, 54, 5, 8.69%, 247, 0, 3, 1262.55
1573821618, 39, 4, 57, 57, 5, 8.69%, 258, 0, 3, 833.56
1573821633, 39, 4, 57, 57, 5, 8.69%, 259, 0, 3, 137.33
1573821648, 39, 4, 57, 57, 5, 8.69%, 260, 0, 3, 137.02
1573821654, 39, 4, 57, 57, 5, 8.69%, 262, 0, 3, 135.88
1573821659, 39, 4, 57, 57, 5, 8.69%, 264, 0, 3, 132.33
1573821664, 39, 4, 57, 57, 5, 8.69%, 265, 0, 3, 134.68
1573821669, 39, 4, 57, 57, 5, 8.69%, 266, 0, 3, 135.96
1573821679, 39, 4, 57, 57, 5, 8.69%, 267, 0, 3, 135.98
1573821689, 39, 4, 57, 57, 5, 8.69%, 268, 0, 3, 136.44
1573821695, 39, 4, 57, 57, 5, 8.69%, 270, 0, 3, 135.31
1573821700, 39, 4, 57, 57, 5, 8.69%, 271, 0, 3, 134.82
1573821715, 39, 4, 57, 57, 5, 8.69%, 274, 0, 3, 138.78
1573821746, 39, 4, 57, 57, 5, 8.69%, 275, 0, 3, 136.87
1573821761, 39, 4, 57, 57, 5, 8.69%, 276, 0, 3, 137.45
1573821772, 39, 4, 57, 57, 5, 8.69%, 277, 0, 3, 137.28
1573821777, 39, 4, 57, 57, 5, 8.69%, 278, 0, 3, 135.76
1573821782, 39, 4, 57, 57, 5, 8.69%, 280, 0, 3, 136.03
1573821787, 39, 4, 57, 57, 5, 8.69%, 283, 0, 3, 135.67
1573821802, 39, 4, 57, 57, 5, 8.69%, 284, 0, 3, 136.04
1573821807, 39, 4, 57, 57, 5, 8.69%, 286, 0, 3, 136.64
1573824915, 39, 4, 57, 57, 5, 8.69%, 288, 0, 3, 133.93
1573824920, 39, 4, 58, 58, 5, 8.69%, 292, 0, 3, 136.63
1573824925, 39, 4, 58, 58, 5, 8.69%, 296, 0, 3, 135.83
1573824930, 39, 4, 59, 59, 5, 8.70%, 302, 0, 3, 137.59
1573824971, 39, 4, 59, 59, 5, 8.70%, 305, 0, 3, 136.45
1573824976, 39, 4, 60, 60, 5, 8.70%, 305, 0, 3, 135.56
1573824992, 39, 4, 60, 60, 5, 8.70%, 306, 0, 3, 136.68
1573825002, 39, 4, 60, 60, 5, 8.70%, 309, 0, 3, 135.58
1573825007, 39, 4, 60, 60, 5, 8.70%, 310, 0, 3, 134.37
1573825022, 39, 4, 60, 60, 5, 8.70%, 311, 0, 3, 132.57
1573825032, 39, 4, 60, 60, 5, 8.70%, 312, 0, 3, 133.62
1573825038, 39, 4, 60, 60, 5, 8.70%, 313, 0, 3, 136.73
1573825043, 39, 4, 60, 60, 5, 8.70%, 314, 0, 3, 136.33
1573825048, 39, 4, 60, 60, 5, 8.70%, 315, 0, 3, 137.73
1573825053, 39, 4, 60, 60, 5, 8.70%, 316, 0, 3, 138.63
1573825068, 39, 4, 60, 60, 5, 8.70%, 317, 0, 3, 132.93
1573825074, 39, 4, 60, 60, 5, 8.70%, 318, 0, 3, 131.07
1573825084, 39, 4, 60, 60, 5, 8.70%, 319, 0, 3, 133.65
1573825094, 39, 4, 60, 60, 5, 8.70%, 320, 0, 3, 131.88
1573825104, 39, 4, 61, 61, 5, 8.70%, 320, 0, 3, 137.53
1573825120, 39, 4, 61, 61, 5, 8.70%, 323, 0, 3, 134.97
1573825140, 39, 4, 61, 61, 5, 8.70%, 325, 0, 3, 134.45
1573828815, 39, 4, 62, 62, 5, 8.72%, 325, 0, 3, 1082.10
