# unix_time, cycles_done, cur_path, paths_total, pending_total, pending_favs, map_size, unique_crashes, unique_hangs, max_depth, execs_per_sec
1573342750, 0, 0, 1, 1, 1, 0.33%, 0, 0, 1, 1000.00
1573342755, 0, 0, 16, 16, 1, 0.39%, 18, 0, 2, 1798.01
1573342760, 0, 0, 33, 33, 1, 0.40%, 24, 0, 2, 1759.84
1573342765, 0, 0, 36, 36, 1, 0.41%, 24, 0, 2, 1736.06
1573342775, 0, 0, 38, 38, 1, 0.41%, 24, 0, 2, 1732.64
1573342780, 0, 0, 40, 40, 1, 0.41%, 24, 0, 2, 1728.03
1573342791, 0, 0, 41, 41, 1, 0.41%, 24, 0, 2, 1715.55
1573342796, 0, 2, 41, 41, 7, 0.41%, 24, 0, 2, 1820.32
1573342801, 0, 2, 41, 41, 7, 0.41%, 26, 0, 2, 1983.23
1573342806, 0, 2, 44, 44, 7, 0.41%, 26, 0, 3, 1765.72
1573342811, 0, 2, 50, 50, 7, 0.42%, 26, 0, 3, 1708.57
1573342816, 0, 2, 53, 53, 7, 0.42%, 26, 0, 3, 1700.54
1573342821, 0, 2, 55, 55, 7, 0.42%, 26, 0, 3, 1701.92
1573342831, 0, 2, 56, 56, 7, 0.42%, 26, 0, 3, 1703.07
1573342841, 0, 6, 56, 56, 8, 0.42%, 26, 0, 3, 1868.43
1573342857, 0, 17, 56, 56, 8, 0.42%, 27, 0, 3, 1974.16
1573342867, 0, 19, 56, 56, 8, 0.42%, 27, 0, 3, 1964.07
1573342877, 0, 28, 56, 56, 8, 0.42%, 27, 0, 3, 1967.69
1573342897, 0, 33, 56, 56, 8, 0.42%, 29, 0, 3, 1985.50
1573342902, 0, 33, 56, 56, 8, 0.42%, 34, 0, 3, 2015.21
1573342918, 0, 33, 56, 56, 8, 0.42%, 36, 0, 3, 2008.26
1573343169, 0, 40, 56, 56, 8, 0.42%, 36, 0, 3, 1967.60
1573343231, 0, 40, 57, 57, 8, 0.42%, 36, 0, 3, 1894.84
1573343236, 0, 44, 58, 58, 8, 0.42%, 36, 0, 3, 1865.33
1573343246, 0, 44, 58, 58, 8, 0.42%, 37, 0, 3, 1981.43
1573343282, 0, 44, 58, 58, 8, 0.42%, 39, 0, 3, 1976.16
1573343565, 1, 17, 60, 60, 8, 0.42%, 39, 0, 3, 1835.03
1573343570, 1, 29, 60, 60, 8, 0.42%, 39, 0, 3, 1970.93
1573343580, 1, 29, 60, 60, 8, 0.42%, 40, 0, 3, 1999.19
1573343590, 1, 31, 60, 60, 8, 0.42%, 40, 0, 3, 1963.51
1573343626, 1, 33, 61, 61, 8, 0.42%, 40, 0, 3, 1829.11
1573343632, 1, 60, 61, 61, 8, 0.42%, 40, 0, 3, 1947.93
1573343931, 1, 60, 62, 62, 8, 0.42%, 40, 0, 4, 1818.68
1573343936, 1, 60, 64, 64, 8, 0.42%, 40, 0, 4, 1712.01
1573343951, 1, 60, 65, 65, 8, 0.42%, 40, 0, 4, 1681.32
1573343961, 1, 60, 66, 66, 8, 0.42%, 40, 0, 4, 1682.80
1573343966, 1, 60, 67, 67, 8, 0.42%, 40, 0, 4, 1679.24
1573343972, 2, 2, 78, 78, 8, 0.42%, 40, 0, 4, 1676.17
1573343977, 2, 2, 81, 81, 8, 0.42%, 40, 0, 4, 1671.54
1573343982, 4, 2, 81, 81, 8, 0.42%, 40, 0, 4, 1669.03
1573343987, 4, 32, 89, 89, 8, 0.42%, 40, 0, 4, 1540.57
1573344273, 5, 19, 94, 94, 8, 0.42%, 40, 0, 4, 1532.65
1573344278, 5, 60, 94, 94, 8, 0.42%, 40, 0, 4, 1439.98
1573344283, 6, 8, 94, 94, 8, 0.42%, 40, 0, 4, 1875.34
1573344309, 6, 16, 94, 94, 8, 0.42%, 40, 0, 4, 1956.83
1573344319, 6, 28, 94, 94, 8, 0.42%, 40, 0, 4, 1716.00
1573344324, 6, 78, 95, 95, 8, 0.42%, 40, 0, 4, 731.99
1573347217, 6, 78, 95, 95, 8, 0.42%, 41, 0, 4, 273.85
