# unix_time, cycles_done, cur_path, paths_total, pending_total, pending_favs, map_size, unique_crashes, unique_hangs, max_depth, execs_per_sec
1573624321, 0, 0, 1, 1, 1, 2.82%, 0, 0, 1, 98.77
1573624332, 0, 0, 2, 2, 1, 2.82%, 0, 0, 2, 129.12
1573624352, 0, 0, 3, 3, 1, 2.82%, 0, 0, 2, 130.53
1573624475, 0, 0, 4, 4, 1, 2.82%, 0, 0, 2, 128.68
1573624501, 0, 0, 5, 5, 1, 6.53%, 0, 0, 2, 132.25
1573624685, 0, 0, 5, 5, 1, 6.53%, 1, 0, 2, 134.14
1573624911, 0, 0, 6, 6, 1, 6.53%, 1, 0, 2, 138.73
1573624998, 0, 0, 7, 7, 1, 6.53%, 1, 0, 2, 133.85
1573625659, 0, 0, 7, 7, 1, 6.53%, 2, 0, 2, 138.34
1573625670, 0, 0, 9, 9, 1, 6.55%, 5, 0, 2, 137.43
1573625675, 0, 0, 10, 10, 1, 6.55%, 8, 0, 2, 138.88
1573625680, 0, 0, 11, 11, 1, 6.55%, 11, 0, 2, 136.85
1573625711, 0, 0, 11, 11, 1, 6.55%, 13, 0, 2, 135.78
1573625731, 0, 0, 11, 11, 1, 6.55%, 15, 0, 2, 136.86
1573625742, 0, 0, 11, 11, 1, 6.55%, 16, 0, 2, 139.71
1573625752, 0, 0, 11, 11, 1, 6.55%, 17, 0, 2, 139.66
1573625772, 0, 0, 11, 11, 1, 6.55%, 18, 0, 2, 138.03
1573625788, 0, 0, 11, 11, 1, 6.55%, 20, 0, 2, 136.28
1573625813, 0, 0, 11, 11, 1, 6.55%, 22, 0, 2, 134.49
1573625824, 0, 0, 11, 11, 1, 6.55%, 23, 0, 2, 136.09
1573625829, 0, 0, 11, 11, 1, 6.55%, 24, 0, 2, 133.85
1573625839, 0, 0, 11, 11, 1, 6.55%, 25, 0, 2, 140.08
1573625854, 0, 0, 11, 11, 1, 6.55%, 27, 0, 2, 136.61
1573625859, 0, 0, 11, 11, 1, 6.55%, 29, 0, 2, 138.62
1573625870, 0, 0, 11, 11, 1, 6.55%, 30, 0, 2, 133.11
1573625875, 0, 0, 11, 11, 1, 6.55%, 32, 0, 2, 139.56
1573625880, 0, 0, 11, 11, 1, 6.55%, 33, 0, 2, 138.44
1573625885, 0, 0, 11, 11, 1, 6.55%, 34, 0, 2, 136.43
1573626475, 0, 0, 12, 12, 1, 6.56%, 36, 0, 2, 136.61
1573626480, 0, 0, 12, 12, 1, 6.56%, 37, 0, 2, 137.76
1573626485, 0, 0, 13, 13, 1, 6.56%, 43, 0, 2, 136.27
1573626490, 0, 0, 13, 13, 1, 6.56%, 44, 0, 2, 135.19
1573626521, 0, 0, 13, 13, 1, 6.56%, 45, 0, 2, 137.23
1573626526, 0, 0, 13, 13, 1, 6.56%, 46, 0, 2, 134.73
1573626531, 0, 0, 13, 13, 1, 6.56%, 47, 0, 2, 138.42
1573626536, 0, 0, 13, 13, 1, 6.56%, 48, 0, 2, 140.25
1573626552, 0, 0, 13, 13, 1, 6.56%, 49, 0, 2, 140.00
1573626577, 0, 0, 13, 13, 1, 6.56%, 50, 0, 2, 137.29
1573626582, 0, 0, 13, 13, 1, 6.56%, 53, 0, 2, 138.60
1573626587, 0, 0, 13, 13, 1, 6.56%, 54, 0, 2, 141.10
1573626598, 0, 0, 13, 13, 1, 6.56%, 57, 0, 2, 140.95
1573626603, 0, 0, 13, 13, 1, 6.56%, 59, 0, 2, 136.61
1573626608, 0, 0, 13, 13, 1, 6.56%, 60, 0, 2, 133.26
1573626623, 0, 0, 13, 13, 1, 6.56%, 62, 0, 2, 137.88
1573626639, 0, 0, 13, 13, 1, 6.56%, 63, 0, 2, 139.20
1573626649, 0, 0, 13, 13, 1, 6.56%, 64, 0, 2, 139.98
1573626664, 0, 0, 13, 13, 1, 6.56%, 65, 0, 2, 137.07
1573626690, 0, 0, 13, 13, 1, 6.56%, 66, 0, 2, 138.54
1573632935, 0, 0, 13, 13, 1, 6.56%, 67, 0, 2, 140.16
1573632941, 0, 0, 15, 15, 1, 6.57%, 68, 0, 2, 136.64
1573632946, 0, 0, 16, 16, 1, 6.57%, 70, 0, 2, 135.06
1573632951, 0, 0, 17, 17, 1, 6.58%, 76, 0, 2, 136.74
1573632987, 0, 0, 17, 17, 1, 6.58%, 78, 0, 2, 138.36
1573633007, 0, 0, 17, 17, 1, 6.58%, 79, 0, 2, 136.98
1573633033, 0, 0, 17, 17, 1, 6.58%, 81, 0, 2, 136.89
1573633038, 0, 0, 17, 17, 1, 6.58%, 82, 0, 2, 138.40
1573633043, 0, 0, 17, 17, 1, 6.58%, 84, 0, 2, 138.40
1573633059, 0, 0, 17, 17, 1, 6.58%, 86, 0, 2, 138.73
1573633069, 0, 0, 17, 17, 1, 6.58%, 87, 0, 2, 137.39
1573633079, 0, 0, 17, 17, 1, 6.58%, 90, 0, 2, 138.12
1573633094, 0, 0, 17, 17, 1, 6.58%, 92, 0, 2, 133.45
1573633100, 0, 0, 17, 17, 1, 6.58%, 93, 0, 2, 137.74
1573633105, 0, 0, 17, 17, 1, 6.58%, 94, 0, 2, 140.01
1573633110, 0, 0, 17, 17, 1, 6.58%, 96, 0, 2, 134.90
1573633120, 0, 0, 17, 17, 1, 6.58%, 97, 0, 2, 137.20
1573633125, 0, 0, 17, 17, 1, 6.58%, 98, 0, 2, 136.71
1573633146, 0, 0, 17, 17, 1, 6.58%, 99, 0, 2, 137.11
1573633730, 0, 0, 18, 18, 1, 6.58%, 101, 0, 2, 137.91
1573633735, 0, 0, 18, 18, 1, 6.58%, 102, 0, 2, 138.40
1573633740, 0, 0, 18, 18, 1, 6.58%, 103, 0, 2, 135.32
1573633745, 0, 0, 19, 19, 1, 6.58%, 109, 0, 2, 135.64
1573633776, 0, 0, 19, 19, 1, 6.58%, 110, 0, 2, 135.50
1573633781, 0, 0, 19, 19, 1, 6.58%, 111, 0, 2, 134.45
1573633786, 0, 0, 19, 19, 1, 6.58%, 114, 0, 2, 136.03
1573633791, 0, 0, 19, 19, 1, 6.58%, 115, 0, 2, 137.77
1573633797, 0, 0, 19, 19, 1, 6.58%, 116, 0, 2, 140.67
1573633807, 0, 0, 19, 19, 1, 6.58%, 117, 0, 2, 137.71
1573633812, 0, 0, 19, 19, 1, 6.58%, 118, 0, 2, 136.29
1573633817, 0, 0, 19, 19, 1, 6.58%, 119, 0, 2, 134.08
1573633822, 0, 0, 19, 19, 1, 6.58%, 120, 0, 2, 135.46
1573633832, 0, 0, 19, 19, 1, 6.58%, 123, 0, 2, 136.38
1573633838, 0, 0, 19, 19, 1, 6.58%, 124, 0, 2, 132.85
1573633863, 0, 0, 19, 19, 1, 6.58%, 125, 0, 2, 138.04
1573633874, 0, 0, 19, 19, 1, 6.58%, 126, 0, 2, 135.87
1573633879, 0, 0, 19, 19, 1, 6.58%, 127, 0, 2, 137.96
1573633889, 0, 0, 19, 19, 1, 6.58%, 128, 0, 2, 135.91
1573633899, 0, 0, 19, 19, 1, 6.58%, 130, 0, 2, 137.47
1573633904, 0, 0, 19, 19, 1, 6.58%, 131, 0, 2, 138.72
1573633915, 0, 0, 19, 19, 1, 6.58%, 132, 0, 2, 139.38
1573633920, 0, 0, 19, 19, 1, 6.58%, 133, 0, 2, 139.92
1573691875, 0, 0, 19, 19, 1, 6.58%, 134, 0, 2, 136.20
1573691880, 0, 0, 20, 20, 1, 6.58%, 136, 0, 2, 137.36
1573691885, 0, 0, 20, 20, 1, 6.58%, 138, 0, 2, 137.92
1573691890, 0, 0, 21, 21, 1, 6.59%, 145, 0, 2, 135.20
1573691895, 0, 0, 21, 21, 1, 6.59%, 147, 0, 2, 135.71
1573691931, 0, 0, 21, 21, 1, 6.59%, 148, 0, 2, 136.98
1573691947, 0, 0, 21, 21, 1, 6.59%, 149, 0, 2, 137.03
1573691952, 0, 0, 21, 21, 1, 6.59%, 151, 0, 2, 133.41
1573691957, 0, 0, 21, 21, 1, 6.59%, 152, 0, 2, 139.05
1573691962, 0, 0, 21, 21, 1, 6.59%, 153, 0, 2, 140.58
1573691983, 0, 0, 21, 21, 1, 6.59%, 154, 0, 2, 138.81
1573691988, 0, 0, 21, 21, 1, 6.59%, 156, 0, 2, 138.60
1573691998, 0, 0, 21, 21, 1, 6.59%, 158, 0, 2, 137.45
1573692013, 0, 0, 21, 21, 1, 6.59%, 160, 0, 2, 136.77
1573692024, 0, 0, 21, 21, 1, 6.59%, 161, 0, 2, 140.41
1573692029, 0, 0, 21, 21, 1, 6.59%, 162, 0, 2, 139.81
1573692039, 0, 0, 21, 21, 1, 6.59%, 163, 0, 2, 136.27
1573692044, 0, 0, 21, 21, 1, 6.59%, 164, 0, 2, 135.95
1573692049, 0, 0, 21, 21, 1, 6.59%, 165, 0, 2, 134.76
1573692065, 0, 0, 21, 21, 1, 6.59%, 166, 0, 2, 132.90
1573692080, 0, 0, 21, 21, 1, 6.59%, 167, 0, 2, 136.03
1573692085, 0, 0, 21, 21, 1, 6.59%, 168, 0, 2, 134.27
1573692090, 0, 0, 21, 21, 1, 6.59%, 169, 0, 2, 136.80
1573692095, 0, 0, 21, 21, 1, 6.59%, 170, 0, 2, 137.61
1573692674, 0, 0, 22, 22, 1, 6.59%, 170, 0, 2, 134.36
1573692679, 0, 0, 22, 22, 1, 6.59%, 172, 0, 2, 136.46
1573692685, 0, 0, 22, 22, 1, 6.59%, 175, 0, 2, 136.06
1573692690, 0, 0, 23, 23, 1, 6.59%, 181, 0, 2, 135.29
1573692715, 0, 0, 24, 24, 1, 6.60%, 181, 0, 2, 138.56
1573692726, 0, 0, 24, 24, 1, 6.60%, 183, 0, 2, 138.10
1573692731, 0, 0, 24, 24, 1, 6.60%, 184, 0, 2, 139.80
1573692746, 0, 0, 24, 24, 1, 6.60%, 185, 0, 2, 140.61
1573692767, 0, 0, 24, 24, 1, 6.60%, 186, 0, 2, 138.07
1573692782, 0, 0, 24, 24, 1, 6.60%, 189, 0, 2, 136.93
1573692787, 0, 0, 24, 24, 1, 6.60%, 190, 0, 2, 135.34
1573692823, 0, 0, 24, 24, 1, 6.60%, 191, 0, 2, 139.64
1573692828, 0, 0, 24, 24, 1, 6.60%, 192, 0, 2, 138.16
1573692833, 0, 0, 24, 24, 1, 6.60%, 195, 0, 2, 134.92
1573692844, 0, 0, 24, 24, 1, 6.60%, 197, 0, 2, 137.55
1573692849, 0, 0, 24, 24, 1, 6.60%, 198, 0, 2, 137.61
1573692854, 0, 0, 24, 24, 1, 6.60%, 199, 0, 2, 137.26
1573692869, 0, 0, 24, 24, 1, 6.60%, 200, 0, 2, 134.22
1573692874, 0, 0, 24, 24, 1, 6.60%, 201, 0, 2, 138.01
1573692879, 0, 0, 24, 24, 1, 6.60%, 204, 0, 2, 137.00
1573693469, 0, 0, 24, 24, 1, 6.60%, 205, 0, 2, 134.50
1573693479, 0, 0, 25, 25, 1, 6.60%, 206, 0, 2, 135.91
1573693484, 0, 0, 27, 27, 1, 6.60%, 211, 0, 2, 133.72
1573693489, 0, 0, 28, 28, 1, 6.61%, 212, 0, 2, 136.00
1573693520, 0, 0, 28, 28, 1, 6.61%, 213, 0, 2, 134.44
1573693546, 0, 0, 28, 28, 1, 6.61%, 214, 0, 2, 132.71
1573693556, 0, 0, 28, 28, 1, 6.61%, 215, 0, 2, 134.81
1573693561, 0, 0, 28, 28, 1, 6.61%, 216, 0, 2, 135.56
1573693566, 0, 0, 28, 28, 1, 6.61%, 217, 0, 2, 136.76
1573693581, 0, 0, 28, 28, 1, 6.61%, 218, 0, 2, 135.86
1573693587, 0, 0, 28, 28, 1, 6.61%, 220, 0, 2, 134.38
1573693602, 0, 0, 28, 28, 1, 6.61%, 221, 0, 2, 133.14
1573693607, 0, 0, 28, 28, 1, 6.61%, 224, 0, 2, 133.12
1573693612, 0, 0, 28, 28, 1, 6.61%, 225, 0, 2, 137.52
1573693617, 0, 0, 28, 28, 1, 6.61%, 226, 0, 2, 138.10
1573693622, 0, 0, 28, 28, 1, 6.61%, 227, 0, 2, 134.55
1573693633, 0, 0, 28, 28, 1, 6.61%, 228, 0, 2, 134.26
1573693638, 0, 0, 28, 28, 1, 6.61%, 229, 0, 2, 136.19
1573693643, 0, 0, 28, 28, 1, 6.61%, 231, 0, 2, 133.90
1573693658, 0, 0, 28, 28, 1, 6.61%, 233, 0, 2, 136.40
1573693663, 0, 0, 28, 28, 1, 6.61%, 234, 0, 2, 135.99
1573693679, 0, 0, 28, 28, 1, 6.61%, 236, 0, 2, 135.86
1573695062, 0, 0, 28, 28, 1, 6.61%, 238, 0, 2, 137.19
1573695067, 0, 0, 28, 28, 1, 6.61%, 239, 0, 2, 134.99
1573695073, 0, 0, 28, 28, 1, 6.61%, 241, 0, 2, 134.42
1573695078, 0, 0, 29, 29, 1, 6.61%, 245, 0, 2, 135.07
1573695083, 0, 0, 30, 30, 1, 6.61%, 249, 0, 2, 135.44
1573695088, 0, 0, 31, 31, 1, 6.61%, 249, 0, 2, 134.91
1573695114, 0, 0, 31, 31, 1, 6.61%, 250, 0, 2, 136.75
1573695129, 0, 0, 31, 31, 1, 6.61%, 251, 0, 2, 134.79
1573695134, 0, 0, 31, 31, 1, 6.61%, 252, 0, 2, 134.99
1573695139, 0, 0, 31, 31, 1, 6.61%, 254, 0, 2, 133.89
1573695144, 0, 0, 31, 31, 1, 6.61%, 255, 0, 2, 137.51
1573695149, 0, 0, 31, 31, 1, 6.61%, 256, 0, 2, 137.19
1573695165, 0, 0, 31, 31, 1, 6.61%, 257, 0, 2, 139.54
1573695175, 0, 0, 31, 31, 1, 6.61%, 259, 0, 2, 138.88
1573695180, 0, 0, 31, 31, 1, 6.61%, 261, 0, 2, 136.65
1573695196, 0, 0, 31, 31, 1, 6.61%, 262, 0, 2, 135.21
1573695201, 0, 0, 31, 31, 1, 6.61%, 264, 0, 2, 136.81
1573695231, 0, 0, 31, 31, 1, 6.61%, 265, 0, 2, 135.23
1573695242, 0, 0, 31, 31, 1, 6.61%, 266, 0, 2, 134.87
1573695257, 0, 0, 31, 31, 1, 6.61%, 267, 0, 2, 136.80
1573695262, 0, 0, 31, 31, 1, 6.61%, 269, 0, 2, 137.61
1573695267, 0, 0, 31, 31, 1, 6.61%, 271, 0, 2, 138.00
1573695272, 0, 0, 31, 31, 1, 6.61%, 272, 0, 2, 140.16
1573695288, 0, 0, 31, 31, 1, 6.61%, 274, 0, 2, 135.34
1573698368, 0, 0, 32, 32, 1, 6.62%, 279, 0, 2, 138.36
1573698373, 0, 0, 32, 32, 1, 6.62%, 282, 0, 2, 137.45
1573698379, 0, 0, 33, 33, 1, 6.62%, 285, 0, 2, 138.02
1573698384, 0, 0, 33, 33, 1, 6.62%, 290, 0, 2, 137.96
1573698420, 0, 0, 33, 33, 1, 6.62%, 292, 0, 2, 136.90
1573698425, 0, 0, 33, 33, 1, 6.62%, 293, 0, 2, 133.41
1573698445, 0, 0, 33, 33, 1, 6.62%, 294, 0, 2, 138.46
1573698450, 0, 0, 33, 33, 1, 6.62%, 295, 0, 2, 138.79
1573698456, 0, 0, 33, 33, 1, 6.62%, 298, 0, 2, 140.86
1573698471, 0, 0, 33, 33, 1, 6.62%, 299, 0, 2, 139.41
1573698481, 0, 0, 33, 33, 1, 6.62%, 300, 0, 2, 138.15
1573698486, 0, 0, 33, 33, 1, 6.62%, 301, 0, 2, 133.53
1573698491, 0, 0, 33, 33, 1, 6.62%, 302, 0, 2, 135.87
1573698497, 0, 0, 33, 33, 1, 6.62%, 303, 0, 2, 139.34
1573698502, 0, 0, 33, 33, 1, 6.62%, 304, 0, 2, 137.20
1573698522, 0, 0, 33, 33, 1, 6.62%, 306, 0, 2, 134.91
1573698532, 0, 0, 33, 33, 1, 6.62%, 307, 0, 2, 137.72
1573698543, 0, 0, 33, 33, 1, 6.62%, 308, 0, 2, 138.23
1573698568, 0, 0, 33, 33, 1, 6.62%, 311, 0, 2, 135.67
1573698589, 0, 0, 33, 33, 1, 6.62%, 313, 0, 2, 137.53
1573701819, 0, 0, 34, 34, 1, 7.47%, 313, 0, 2, 139.43
1573703184, 0, 0, 34, 34, 1, 7.47%, 316, 0, 2, 138.59
1573703194, 0, 0, 34, 34, 1, 7.47%, 318, 0, 2, 137.66
1573703204, 0, 0, 34, 34, 1, 7.47%, 319, 0, 2, 138.07
1573703210, 0, 0, 34, 34, 1, 7.47%, 320, 0, 2, 139.31
1573703235, 0, 0, 34, 34, 1, 7.47%, 322, 0, 2, 137.06
1573703245, 0, 0, 34, 34, 1, 7.47%, 323, 0, 2, 138.42
1573703266, 0, 0, 34, 34, 1, 7.47%, 324, 0, 2, 136.62
1573703271, 0, 0, 34, 34, 1, 7.47%, 325, 0, 2, 138.68
1573703281, 0, 0, 34, 34, 1, 7.47%, 326, 0, 2, 138.31
1573703287, 0, 0, 34, 34, 1, 7.47%, 327, 0, 2, 139.43
1573703302, 0, 0, 34, 34, 1, 7.47%, 328, 0, 2, 134.35
1573703307, 0, 0, 34, 34, 1, 7.47%, 329, 0, 2, 136.10
1573704015, 0, 0, 34, 34, 1, 7.47%, 332, 0, 2, 1157.65
1573704020, 0, 0, 34, 34, 1, 7.47%, 334, 0, 2, 701.90
1573704031, 0, 0, 34, 34, 1, 7.47%, 335, 0, 2, 139.30
1573704036, 0, 0, 34, 34, 1, 7.47%, 336, 0, 2, 140.52
1573704046, 0, 0, 34, 34, 1, 7.47%, 337, 0, 2, 143.24
1573704051, 0, 0, 34, 34, 1, 7.47%, 338, 0, 2, 140.12
1573704061, 0, 0, 34, 34, 1, 7.47%, 339, 0, 2, 137.39
1573704067, 0, 0, 34, 34, 1, 7.47%, 341, 0, 2, 134.26
1573704092, 0, 0, 34, 34, 1, 7.47%, 343, 0, 2, 137.92
1573704113, 0, 0, 34, 34, 1, 7.47%, 344, 0, 2, 139.03
1573704123, 0, 0, 34, 34, 1, 7.47%, 345, 0, 2, 137.69
1573710520, 0, 0, 34, 34, 1, 7.47%, 346, 0, 2, 137.55
1573710541, 0, 0, 34, 34, 1, 7.47%, 347, 0, 2, 139.59
1573710556, 0, 0, 34, 34, 1, 7.47%, 348, 0, 2, 138.32
1573710561, 0, 0, 34, 34, 1, 7.47%, 349, 0, 2, 140.16
1573710566, 0, 0, 34, 34, 1, 7.47%, 351, 0, 2, 140.42
1573710587, 0, 0, 34, 34, 1, 7.47%, 352, 0, 2, 136.16
1573710607, 0, 0, 34, 34, 1, 7.47%, 353, 0, 2, 139.74
1573710617, 0, 0, 34, 34, 1, 7.47%, 354, 0, 2, 137.83
1573710638, 0, 0, 34, 34, 1, 7.47%, 355, 0, 2, 139.39
1573710643, 0, 0, 34, 34, 1, 7.47%, 356, 0, 2, 135.57
1573710648, 0, 0, 34, 34, 1, 7.47%, 357, 0, 2, 135.71
1573710659, 0, 0, 34, 34, 1, 7.47%, 358, 0, 2, 139.79
1573710664, 0, 0, 34, 34, 1, 7.47%, 359, 0, 2, 137.07
1573710669, 0, 0, 34, 34, 1, 7.47%, 360, 0, 2, 136.21
1573710674, 0, 0, 34, 34, 1, 7.47%, 361, 0, 2, 136.82
1573711269, 0, 0, 34, 34, 1, 7.47%, 362, 0, 2, 134.71
1573711279, 0, 0, 34, 34, 1, 7.47%, 363, 0, 2, 136.66
1573711315, 0, 0, 34, 34, 1, 7.47%, 364, 0, 2, 134.56
1573711325, 0, 0, 34, 34, 1, 7.47%, 365, 0, 2, 136.71
1573711361, 0, 0, 34, 34, 1, 7.47%, 366, 0, 2, 139.27
1573711366, 0, 0, 34, 34, 1, 7.47%, 367, 0, 2, 139.43
1573711392, 0, 0, 34, 34, 1, 7.47%, 368, 0, 2, 136.47
1573711407, 0, 0, 34, 34, 1, 7.47%, 369, 0, 2, 138.71
1573711417, 0, 0, 34, 34, 1, 7.47%, 370, 0, 2, 138.44
1573711428, 0, 0, 34, 34, 1, 7.47%, 371, 0, 2, 136.54
1573711438, 0, 0, 34, 34, 1, 7.47%, 372, 0, 2, 138.90
1573711448, 0, 0, 34, 34, 1, 7.47%, 373, 0, 2, 135.23
1573711458, 0, 0, 34, 34, 1, 7.47%, 374, 0, 2, 135.42
1573711464, 0, 0, 34, 34, 1, 7.47%, 375, 0, 2, 137.76
1573711474, 0, 0, 34, 34, 1, 7.47%, 377, 0, 2, 136.37
