# unix_time, cycles_done, cur_path, paths_total, pending_total, pending_favs, map_size, unique_crashes, unique_hangs, max_depth, execs_per_sec
1572378670, 0, 0, 1, 1, 1, 0.34%, 0, 0, 1, 1142.86
1572378675, 0, 0, 44, 44, 1, 0.48%, 0, 0, 2, 1802.39
1572378680, 0, 0, 45, 45, 1, 0.48%, 0, 0, 2, 1894.62
1572378685, 0, 0, 48, 48, 1, 0.48%, 1, 0, 2, 1915.17
1572378690, 0, 0, 49, 49, 1, 0.48%, 19, 0, 2, 1925.74
1572378695, 0, 0, 50, 50, 1, 0.48%, 23, 0, 2, 1908.10
1572378700, 0, 0, 53, 53, 1, 0.49%, 27, 0, 2, 1919.80
1572378705, 0, 0, 59, 59, 1, 0.50%, 33, 0, 2, 1966.32
1572378711, 0, 0, 60, 60, 1, 0.50%, 33, 0, 2, 1965.75
1572378870, 0, 0, 60, 60, 1, 0.50%, 37, 0, 2, 1940.30
1572378967, 0, 0, 61, 61, 1, 0.50%, 37, 0, 2, 1925.63
1572379049, 0, 0, 61, 61, 1, 0.50%, 39, 0, 2, 1924.16
1572379090, 0, 0, 62, 62, 1, 0.50%, 40, 0, 2, 1546.84
1572379095, 0, 0, 63, 63, 1, 0.50%, 51, 0, 2, 1009.26
1572379162, 0, 0, 63, 63, 1, 0.50%, 55, 0, 2, 173.53
1572379172, 0, 0, 64, 64, 1, 0.50%, 55, 0, 2, 171.65
1572379177, 0, 0, 64, 64, 1, 0.50%, 57, 0, 2, 163.67
1572379182, 0, 0, 64, 64, 1, 0.50%, 59, 0, 2, 164.60
1572379187, 0, 0, 65, 65, 1, 0.50%, 63, 0, 2, 164.47
1572379198, 0, 0, 67, 67, 1, 0.50%, 63, 0, 2, 164.55
1572379203, 0, 0, 68, 68, 1, 0.50%, 63, 0, 2, 154.54
1572379208, 0, 0, 68, 68, 1, 0.50%, 64, 0, 2, 1009.68
1572379213, 0, 0, 86, 86, 1, 0.52%, 64, 0, 2, 1720.45
1572379218, 0, 0, 92, 92, 1, 0.53%, 65, 0, 2, 1864.75
1572379223, 0, 0, 99, 99, 1, 0.54%, 65, 0, 2, 1737.73
1572379228, 0, 0, 101, 101, 1, 0.54%, 65, 0, 2, 1236.17
1572379233, 0, 36, 101, 100, 19, 0.54%, 65, 0, 2, 164.21
1572379541, 0, 36, 102, 101, 19, 0.54%, 65, 0, 3, 175.78
1572382678, 0, 36, 103, 102, 19, 0.54%, 65, 0, 3, 170.85
1572383440, 0, 36, 104, 103, 19, 0.54%, 65, 0, 3, 169.36
1572383584, 0, 36, 106, 105, 19, 0.54%, 65, 0, 3, 169.52
1572383615, 0, 44, 107, 105, 18, 0.54%, 65, 0, 3, 176.68
1572383840, 0, 44, 107, 105, 18, 0.54%, 66, 0, 3, 172.66
1572383850, 0, 44, 108, 106, 18, 0.54%, 67, 0, 3, 172.41
1572383860, 0, 44, 109, 107, 18, 0.54%, 67, 0, 3, 181.64
1572383866, 0, 44, 110, 108, 18, 0.54%, 68, 0, 3, 182.01
1572383871, 0, 44, 111, 109, 18, 0.54%, 68, 0, 3, 182.70
1572387428, 0, 44, 111, 109, 18, 0.54%, 69, 0, 3, 168.39
1572387556, 0, 44, 111, 109, 18, 0.54%, 71, 0, 3, 167.43
1572387566, 0, 44, 111, 109, 18, 0.54%, 72, 0, 3, 173.07
1572387776, 0, 44, 112, 110, 18, 0.54%, 72, 0, 3, 171.67
1572387781, 0, 44, 112, 110, 18, 0.54%, 73, 0, 3, 170.23
1572387909, 0, 44, 113, 111, 18, 0.54%, 73, 0, 3, 167.28
1572387915, 0, 44, 115, 113, 18, 0.54%, 73, 0, 3, 166.00
1572387920, 0, 44, 116, 114, 18, 0.54%, 73, 0, 3, 175.69
1572387930, 0, 44, 117, 115, 18, 0.54%, 73, 0, 3, 169.26
1572387940, 0, 44, 118, 116, 18, 0.54%, 73, 0, 3, 171.59
1572387971, 0, 44, 120, 118, 18, 0.54%, 73, 0, 3, 167.33
1572387986, 0, 44, 122, 120, 18, 0.54%, 73, 0, 3, 167.47
1572387991, 0, 44, 123, 121, 18, 0.54%, 73, 0, 3, 172.12
1572388007, 0, 44, 124, 122, 18, 0.54%, 73, 0, 3, 173.96
1572388012, 0, 44, 125, 123, 18, 0.54%, 73, 0, 3, 174.78
1572388032, 0, 44, 126, 124, 18, 0.54%, 73, 0, 3, 176.13
1572388038, 0, 44, 127, 125, 18, 0.54%, 73, 0, 3, 175.19
1572388048, 0, 51, 127, 124, 21, 0.54%, 73, 0, 3, 175.50
1572388288, 0, 51, 127, 124, 21, 0.54%, 74, 0, 3, 166.26
1572388293, 0, 51, 128, 125, 21, 0.54%, 74, 0, 3, 170.52
1572388304, 0, 51, 129, 126, 21, 0.54%, 74, 0, 3, 170.74
1572392160, 0, 51, 129, 126, 21, 0.54%, 75, 0, 3, 176.30
1572392262, 0, 53, 129, 125, 20, 0.54%, 75, 0, 3, 169.02
1572392549, 0, 53, 130, 126, 20, 0.54%, 75, 0, 3, 180.83
1572396584, 0, 62, 130, 125, 19, 0.54%, 75, 0, 3, 172.03
1572396927, 0, 62, 130, 125, 19, 0.54%, 76, 0, 3, 174.44
1572400282, 0, 62, 130, 125, 19, 0.54%, 77, 0, 3, 161.05
1572400922, 0, 62, 131, 126, 19, 0.54%, 77, 0, 3, 169.16
1572400943, 0, 63, 131, 125, 18, 0.54%, 77, 0, 3, 171.67
1572405195, 0, 63, 131, 125, 18, 0.54%, 78, 0, 3, 167.02
1572405205, 0, 63, 131, 125, 18, 0.54%, 79, 0, 3, 168.07
1572405221, 0, 69, 132, 125, 17, 0.54%, 79, 0, 3, 169.05
1572405369, 0, 69, 133, 126, 17, 0.54%, 79, 0, 3, 177.13
1572405395, 0, 72, 133, 125, 16, 0.54%, 79, 0, 3, 174.47
1572408975, 0, 75, 133, 124, 15, 0.54%, 79, 0, 3, 176.57
1572408981, 0, 75, 134, 125, 15, 0.54%, 79, 0, 3, 181.49
1572408996, 0, 75, 135, 126, 15, 0.54%, 79, 0, 3, 180.61
1572409093, 0, 75, 136, 127, 15, 0.54%, 79, 0, 3, 179.70
1572409149, 0, 79, 136, 126, 16, 0.54%, 79, 0, 3, 172.79
1572409385, 0, 79, 137, 127, 16, 0.54%, 79, 0, 3, 173.54
1572409401, 0, 79, 138, 128, 16, 0.54%, 79, 0, 3, 178.84
1572411955, 0, 79, 139, 129, 16, 0.54%, 79, 0, 3, 178.60
1572411961, 0, 79, 139, 129, 16, 0.54%, 80, 0, 3, 179.10
1572412150, 0, 80, 139, 128, 15, 0.54%, 80, 0, 3, 170.29
1572416611, 0, 81, 139, 127, 15, 0.54%, 80, 0, 3, 174.87
1572416672, 0, 85, 140, 127, 14, 0.54%, 80, 0, 3, 176.54
1572416703, 0, 85, 140, 127, 14, 0.54%, 81, 0, 3, 136.84
1572417276, 0, 85, 140, 127, 14, 0.54%, 82, 0, 3, 184.70
1572417287, 0, 85, 140, 127, 14, 0.54%, 83, 0, 3, 181.40
1572417425, 0, 85, 141, 128, 14, 0.54%, 83, 0, 3, 89.84
1572417430, 0, 85, 142, 129, 14, 0.54%, 83, 0, 3, 91.54
1572417445, 0, 85, 143, 130, 14, 0.54%, 83, 0, 3, 168.96
1572417450, 0, 85, 144, 131, 14, 0.54%, 83, 0, 3, 177.63
1572417456, 0, 85, 145, 132, 14, 0.54%, 83, 0, 3, 175.99
1572417476, 0, 85, 146, 133, 14, 0.54%, 83, 0, 3, 179.50
1572417486, 0, 85, 147, 134, 14, 0.54%, 84, 0, 3, 175.18
1572417512, 0, 85, 148, 135, 14, 0.54%, 84, 0, 3, 177.13
1572417568, 0, 87, 149, 135, 12, 0.54%, 84, 0, 3, 177.26
1572417916, 0, 87, 150, 136, 12, 0.54%, 84, 0, 3, 1519.91
1572417921, 0, 87, 151, 137, 12, 0.54%, 84, 0, 3, 1037.72
1572418817, 0, 87, 153, 139, 12, 0.54%, 84, 0, 3, 1537.24
1572418822, 0, 87, 157, 143, 12, 0.54%, 84, 0, 3, 988.52
1572418878, 0, 87, 158, 144, 12, 0.54%, 84, 0, 3, 174.41
1572418894, 0, 87, 159, 145, 12, 0.54%, 84, 0, 3, 173.44
1572418904, 0, 87, 160, 146, 12, 0.54%, 84, 0, 3, 173.45
1572418919, 0, 91, 160, 145, 14, 0.54%, 84, 0, 3, 182.75
1572419170, 0, 91, 161, 146, 14, 0.54%, 84, 0, 3, 173.16
1572422260, 0, 92, 161, 145, 13, 0.54%, 84, 0, 3, 179.84
1572422367, 0, 92, 161, 145, 13, 0.54%, 85, 0, 3, 173.33
1572422372, 0, 92, 162, 146, 13, 0.54%, 85, 0, 3, 171.37
1572422413, 0, 93, 162, 145, 12, 0.54%, 85, 0, 3, 1960.37
1572423361, 0, 93, 163, 146, 12, 0.54%, 85, 0, 3, 178.03
1572423397, 0, 93, 164, 147, 12, 0.54%, 85, 0, 3, 178.85
1572423433, 0, 98, 164, 146, 11, 0.54%, 85, 0, 3, 175.74
1572423746, 0, 98, 165, 147, 11, 0.54%, 85, 0, 3, 172.10
1572426020, 0, 98, 166, 148, 11, 0.54%, 85, 0, 3, 1211.81
1572427624, 0, 107, 166, 147, 10, 0.54%, 85, 0, 3, 170.68
1572427813, 0, 107, 167, 148, 10, 0.54%, 85, 0, 4, 1930.43
1572431693, 0, 108, 167, 147, 10, 0.54%, 85, 0, 4, 181.10
1572432036, 0, 108, 168, 148, 10, 0.54%, 86, 0, 4, 171.46
1572435631, 0, 108, 169, 149, 10, 0.54%, 86, 0, 4, 166.48
1572435994, 0, 109, 169, 148, 10, 0.54%, 86, 0, 4, 174.18
1572436337, 0, 109, 169, 148, 10, 0.54%, 87, 0, 4, 165.61
1572440379, 0, 133, 169, 147, 9, 0.54%, 87, 0, 4, 175.99
1572440394, 0, 133, 171, 149, 9, 0.55%, 87, 0, 4, 182.79
1572440404, 0, 133, 172, 150, 9, 0.55%, 87, 0, 4, 176.39
1572440420, 0, 133, 175, 153, 9, 0.55%, 87, 0, 4, 868.76
1572440471, 0, 133, 175, 153, 9, 0.55%, 88, 0, 4, 168.24
1572440553, 0, 134, 175, 152, 10, 0.55%, 88, 0, 4, 175.44
1572440640, 0, 134, 175, 152, 10, 0.55%, 89, 0, 4, 181.93
1572440691, 0, 134, 176, 153, 10, 0.55%, 89, 0, 4, 180.39
1572440820, 0, 135, 176, 152, 10, 0.55%, 89, 0, 4, 180.04
1572441086, 0, 149, 176, 151, 9, 0.55%, 89, 0, 4, 181.53
1572441537, 0, 149, 177, 152, 9, 0.55%, 89, 0, 4, 180.41
1572442412, 0, 151, 177, 151, 8, 0.55%, 89, 0, 4, 182.24
1572442991, 0, 151, 179, 153, 8, 0.55%, 89, 0, 4, 175.83
1572443037, 0, 151, 180, 154, 8, 0.55%, 89, 0, 4, 179.67
1572443124, 0, 151, 181, 155, 8, 0.55%, 89, 0, 4, 173.13
1572443544, 0, 151, 182, 156, 8, 0.55%, 89, 0, 4, 177.18
1572443549, 0, 151, 183, 157, 8, 0.55%, 89, 0, 4, 182.77
1572443560, 0, 151, 184, 158, 8, 0.55%, 89, 0, 4, 176.95
1572443570, 0, 151, 185, 159, 8, 0.55%, 89, 0, 4, 183.25
1572443575, 0, 151, 186, 160, 8, 0.55%, 89, 0, 4, 183.62
1572443580, 0, 151, 188, 162, 8, 0.55%, 89, 0, 4, 182.18
1572443585, 0, 151, 189, 163, 8, 0.55%, 89, 0, 4, 171.38
1572443590, 0, 151, 190, 164, 8, 0.55%, 89, 0, 4, 176.42
1572443626, 0, 151, 191, 165, 8, 0.55%, 89, 0, 4, 179.56
1572443636, 0, 151, 192, 166, 8, 0.55%, 89, 0, 4, 173.64
1572443657, 0, 151, 193, 167, 8, 0.55%, 89, 0, 4, 173.58
1572443667, 0, 151, 195, 169, 8, 0.55%, 89, 0, 4, 177.24
1572443677, 0, 152, 195, 168, 7, 0.55%, 89, 0, 4, 175.66
1572444938, 0, 152, 196, 169, 7, 0.55%, 89, 0, 4, 167.92
1572444958, 0, 152, 197, 170, 7, 0.55%, 89, 0, 4, 169.76
1572445004, 0, 153, 197, 169, 6, 0.55%, 89, 0, 4, 169.05
1572445388, 0, 153, 198, 170, 6, 0.55%, 89, 0, 4, 170.78
1572446387, 0, 161, 198, 169, 5, 0.55%, 89, 0, 4, 166.42
1572446664, 0, 168, 198, 168, 4, 0.55%, 89, 0, 4, 166.21
1572451197, 0, 170, 198, 167, 3, 0.55%, 89, 0, 4, 161.86
1572451207, 0, 170, 198, 167, 3, 0.55%, 90, 0, 4, 1926.03
1572451494, 0, 173, 198, 166, 2, 0.55%, 90, 0, 4, 169.99
1572452052, 0, 173, 199, 167, 2, 0.55%, 90, 0, 5, 163.17
1572452057, 0, 173, 200, 168, 2, 0.55%, 90, 0, 5, 163.80
1572452073, 0, 173, 201, 169, 2, 0.55%, 90, 0, 5, 166.90
1572452113, 0, 175, 201, 168, 1, 0.55%, 90, 0, 5, 1521.54
1572452999, 0, 175, 202, 169, 1, 0.55%, 90, 0, 5, 172.17
1572453010, 0, 188, 203, 169, 1, 0.55%, 90, 0, 5, 1794.43
1572453645, 0, 188, 204, 170, 1, 0.55%, 90, 0, 5, 174.04
1572453676, 0, 188, 205, 171, 1, 0.55%, 90, 0, 5, 170.35
1572454291, 0, 188, 206, 172, 1, 0.55%, 90, 0, 5, 160.92
1572454639, 0, 188, 208, 174, 1, 0.55%, 90, 0, 5, 159.59
1572454650, 0, 188, 209, 175, 1, 0.55%, 90, 0, 5, 165.99
1572454665, 0, 188, 210, 176, 1, 0.55%, 90, 0, 5, 166.64
1572454675, 0, 188, 211, 177, 1, 0.55%, 90, 0, 5, 168.74
1572454696, 0, 188, 212, 178, 1, 0.55%, 90, 0, 5, 158.39
1572454701, 0, 188, 213, 179, 1, 0.55%, 90, 0, 5, 159.93
1572454706, 0, 188, 214, 180, 1, 0.55%, 90, 0, 5, 160.21
1572454711, 0, 188, 216, 182, 1, 0.55%, 90, 0, 5, 164.12
1572454742, 0, 188, 217, 183, 1, 0.55%, 90, 0, 5, 166.14
1572454788, 0, 202, 217, 182, 1, 0.55%, 90, 0, 5, 170.61
1572454885, 1, 2, 217, 181, 0, 0.55%, 90, 0, 5, 168.69
1572455151, 1, 3, 217, 180, 0, 0.55%, 90, 0, 5, 171.61
1572455305, 1, 7, 217, 179, 0, 0.55%, 90, 0, 5, 169.00
1572455576, 1, 9, 217, 178, 0, 0.55%, 90, 0, 5, 172.67
1572455853, 1, 12, 217, 177, 0, 0.55%, 90, 0, 5, 171.98
1572456237, 1, 13, 217, 176, 0, 0.55%, 90, 0, 5, 158.44
1572460693, 1, 17, 217, 175, 0, 0.55%, 90, 0, 5, 162.31
1572461436, 1, 18, 217, 174, 0, 0.55%, 90, 0, 5, 174.06
1572462179, 1, 24, 217, 173, 0, 0.55%, 90, 0, 5, 172.23
1572463387, 1, 25, 217, 172, 0, 0.55%, 90, 0, 5, 169.51
1572464847, 1, 28, 217, 171, 0, 0.55%, 90, 0, 5, 174.83
