# unix_time, cycles_done, cur_path, paths_total, pending_total, pending_favs, map_size, unique_crashes, unique_hangs, max_depth, execs_per_sec
1575254562, 0, 0, 1, 1, 1, 2.59%, 0, 0, 1, 727.27
1575254638, 9, 0, 1, 1, 1, 2.59%, 0, 0, 1, 1539.74
1575254644, 24, 0, 1, 1, 1, 2.59%, 0, 0, 1, 1495.89
1575254649, 39, 0, 1, 1, 1, 2.59%, 0, 0, 1, 1483.68
1575254654, 53, 0, 1, 1, 1, 2.59%, 0, 0, 1, 1477.96
1575254659, 68, 0, 1, 1, 1, 2.59%, 0, 0, 1, 1477.49
1575254664, 83, 0, 1, 1, 1, 2.59%, 0, 0, 1, 1482.68
1575254669, 97, 0, 1, 1, 1, 2.59%, 0, 0, 1, 1479.77
1575254674, 112, 0, 1, 1, 1, 2.59%, 0, 0, 1, 1481.94
1575254679, 127, 0, 1, 1, 1, 2.59%, 0, 0, 1, 1483.09
1575254684, 141, 0, 1, 1, 1, 2.59%, 0, 0, 1, 1476.68
1575254689, 156, 0, 1, 1, 1, 2.59%, 0, 0, 1, 1481.48
1575254694, 171, 0, 1, 1, 1, 2.59%, 0, 0, 1, 1481.08
1575254699, 185, 0, 1, 1, 1, 2.59%, 0, 0, 1, 1476.64
1575254704, 200, 0, 1, 1, 1, 2.59%, 0, 0, 1, 1478.36
1575254709, 214, 0, 1, 1, 1, 2.59%, 0, 0, 1, 1478.06
1575254715, 229, 0, 1, 1, 1, 2.59%, 0, 0, 1, 1474.90
1575254720, 244, 0, 1, 1, 1, 2.59%, 0, 0, 1, 1479.13
1575254725, 258, 0, 1, 1, 1, 2.59%, 0, 0, 1, 1481.58
1575254730, 273, 0, 1, 1, 1, 2.59%, 0, 0, 1, 1480.00
1575254735, 287, 0, 1, 1, 1, 2.59%, 0, 0, 1, 1474.78
1575254740, 302, 0, 1, 1, 1, 2.59%, 0, 0, 1, 1464.76
1575254745, 303, 1, 2, 2, 2, 2.80%, 0, 0, 2, 1602.53
1575254750, 303, 1, 3, 3, 2, 2.81%, 1, 0, 3, 1567.03
1575254760, 303, 1, 4, 4, 2, 7.74%, 1, 0, 3, 1643.28
1575254770, 303, 1, 5, 5, 2, 7.74%, 1, 0, 3, 1649.82
1575254826, 303, 1, 9, 9, 2, 7.76%, 12, 0, 3, 1673.08
1575254831, 303, 1, 9, 9, 2, 7.76%, 20, 0, 3, 1662.13
1575254836, 303, 1, 9, 9, 2, 7.76%, 29, 0, 3, 1669.59
1575254841, 303, 1, 9, 9, 2, 7.76%, 31, 0, 3, 1665.83
1575254898, 303, 1, 9, 9, 2, 7.76%, 41, 0, 3, 1655.19
1575254903, 303, 1, 9, 9, 2, 7.76%, 46, 0, 3, 1656.75
1575254908, 303, 1, 9, 9, 2, 7.76%, 55, 0, 3, 1652.50
1575254913, 303, 1, 9, 9, 2, 7.76%, 64, 0, 3, 1658.96
1575254918, 303, 1, 9, 9, 2, 7.76%, 65, 0, 3, 1664.63
1575255489, 303, 1, 11, 11, 2, 7.77%, 66, 0, 3, 1661.54
1575255495, 303, 1, 13, 13, 2, 7.78%, 76, 0, 3, 1664.11
1575255500, 303, 1, 13, 13, 2, 7.78%, 84, 0, 3, 1665.44
1575255505, 303, 1, 13, 13, 2, 7.78%, 95, 0, 3, 1657.26
1575255510, 303, 1, 13, 13, 2, 7.78%, 98, 0, 3, 1670.59
1575255567, 303, 1, 13, 13, 2, 7.78%, 110, 0, 3, 1670.62
1575255572, 303, 1, 13, 13, 2, 7.78%, 119, 0, 3, 1678.42
1575255577, 303, 1, 13, 13, 2, 7.78%, 125, 0, 3, 1673.55
1575255582, 303, 1, 13, 13, 2, 7.78%, 132, 0, 3, 1670.28
1575279622, 303, 1, 13, 13, 2, 7.78%, 137, 0, 3, 828.32
1575279627, 303, 1, 13, 13, 2, 7.78%, 146, 0, 3, 143.32
1575279658, 303, 1, 13, 13, 2, 7.78%, 147, 0, 3, 145.04
1575279663, 303, 1, 13, 13, 2, 7.78%, 148, 0, 3, 143.58
1575279674, 303, 1, 13, 13, 2, 7.78%, 149, 0, 3, 146.99
1575279679, 303, 1, 13, 13, 2, 7.78%, 150, 0, 3, 146.12
1575279684, 303, 1, 13, 13, 2, 7.78%, 152, 0, 3, 148.67
1575279689, 303, 1, 13, 13, 2, 7.78%, 155, 0, 3, 147.03
1575279694, 303, 1, 13, 13, 2, 7.78%, 156, 0, 3, 149.39
1575279699, 303, 1, 13, 13, 2, 7.78%, 158, 0, 3, 149.69
1575279704, 303, 1, 13, 13, 2, 7.78%, 159, 0, 3, 150.09
1575279720, 303, 1, 13, 13, 2, 7.78%, 160, 0, 3, 145.37
1575279725, 303, 1, 13, 13, 2, 7.78%, 162, 0, 3, 145.53
1575279740, 303, 1, 13, 13, 2, 7.78%, 163, 0, 3, 146.14
1575279751, 303, 1, 13, 13, 2, 7.78%, 165, 0, 3, 142.80
1575279761, 303, 1, 13, 13, 2, 7.78%, 166, 0, 3, 142.47
1575279771, 303, 1, 13, 13, 2, 7.78%, 168, 0, 3, 145.68
1575279812, 303, 1, 13, 13, 2, 7.78%, 169, 0, 3, 143.36
1575280463, 303, 1, 13, 13, 2, 7.78%, 171, 0, 3, 143.35
1575280468, 303, 1, 13, 13, 2, 7.78%, 172, 0, 3, 143.33
1575280473, 303, 1, 13, 13, 2, 7.78%, 179, 0, 3, 142.48
1575280499, 303, 1, 14, 14, 2, 7.78%, 179, 0, 3, 142.91
1575280509, 303, 1, 14, 14, 2, 7.78%, 181, 0, 3, 996.44
1575280514, 303, 1, 14, 14, 2, 7.78%, 187, 0, 3, 1396.14
1575280519, 303, 1, 14, 14, 2, 7.78%, 190, 0, 3, 1060.58
1575280525, 303, 1, 14, 14, 2, 7.78%, 196, 0, 3, 605.96
1575280545, 303, 1, 14, 14, 2, 7.78%, 198, 0, 3, 147.46
1575280550, 303, 1, 14, 14, 2, 7.78%, 201, 0, 3, 146.67
1575280555, 303, 1, 14, 14, 2, 7.78%, 202, 0, 3, 146.36
1575280560, 303, 1, 14, 14, 2, 7.78%, 203, 0, 3, 149.03
1575281211, 303, 1, 14, 14, 2, 7.78%, 204, 0, 3, 143.31
1575281216, 303, 1, 16, 16, 2, 7.79%, 205, 0, 3, 142.62
1575281222, 303, 1, 18, 18, 2, 7.79%, 209, 0, 3, 143.02
1575281252, 303, 1, 18, 18, 2, 7.79%, 212, 0, 3, 143.50
1575281273, 303, 1, 18, 18, 2, 7.79%, 213, 0, 3, 148.19
1575281283, 303, 1, 18, 18, 2, 7.79%, 215, 0, 3, 145.79
1575281288, 303, 1, 18, 18, 2, 7.79%, 218, 0, 3, 146.91
1575281293, 303, 1, 18, 18, 2, 7.79%, 219, 0, 3, 144.28
1575281314, 303, 1, 18, 18, 2, 7.79%, 220, 0, 3, 145.20
1575281329, 303, 1, 18, 18, 2, 7.79%, 221, 0, 3, 144.68
1575281345, 303, 1, 18, 18, 2, 7.79%, 222, 0, 3, 146.04
1575281360, 303, 1, 18, 18, 2, 7.79%, 223, 0, 3, 143.91
1575281365, 303, 1, 18, 18, 2, 7.79%, 224, 0, 3, 143.46
1575281381, 303, 1, 18, 18, 2, 7.79%, 225, 0, 3, 142.66
1575281391, 303, 1, 18, 18, 2, 7.79%, 226, 0, 3, 145.10
1575281396, 303, 1, 18, 18, 2, 7.79%, 228, 0, 3, 145.78
1575281401, 303, 1, 18, 18, 2, 7.79%, 230, 0, 3, 146.54
1575281406, 303, 1, 18, 18, 2, 7.79%, 231, 0, 3, 143.35
1575281411, 303, 1, 18, 18, 2, 7.79%, 233, 0, 3, 1631.78
1575282703, 303, 1, 18, 18, 2, 7.79%, 234, 0, 3, 148.78
1575282708, 303, 1, 18, 18, 2, 7.79%, 236, 0, 3, 146.37
1575282713, 303, 1, 18, 18, 2, 7.79%, 237, 0, 3, 145.93
1575282718, 303, 1, 19, 19, 2, 7.79%, 241, 0, 3, 145.90
1575282723, 303, 1, 21, 21, 2, 7.80%, 244, 0, 3, 145.55
1575282754, 303, 1, 21, 21, 2, 7.80%, 245, 0, 3, 148.78
1575282759, 303, 1, 21, 21, 2, 7.80%, 248, 0, 3, 148.84
1575282765, 303, 1, 21, 21, 2, 7.80%, 249, 0, 3, 148.60
1575282770, 303, 1, 21, 21, 2, 7.80%, 250, 0, 3, 146.41
1575282780, 303, 1, 21, 21, 2, 7.80%, 251, 0, 3, 145.36
1575282785, 303, 1, 21, 21, 2, 7.80%, 252, 0, 3, 144.00
1575282795, 303, 1, 21, 21, 2, 7.80%, 253, 0, 3, 144.12
1575282811, 303, 1, 21, 21, 2, 7.80%, 254, 0, 3, 148.29
1575282816, 303, 1, 21, 21, 2, 7.80%, 255, 0, 3, 149.58
1575282821, 303, 1, 21, 21, 2, 7.80%, 256, 0, 3, 148.76
1575282831, 303, 1, 21, 21, 2, 7.80%, 260, 0, 3, 145.90
1575282847, 303, 1, 21, 21, 2, 7.80%, 261, 0, 3, 144.14
1575282852, 303, 1, 21, 21, 2, 7.80%, 262, 0, 3, 141.92
1575282857, 303, 1, 21, 21, 2, 7.80%, 263, 0, 3, 142.27
1575282877, 303, 1, 21, 21, 2, 7.80%, 264, 0, 3, 144.97
1575282888, 303, 1, 21, 21, 2, 7.80%, 266, 0, 3, 145.58
1575282908, 303, 1, 21, 21, 2, 7.80%, 267, 0, 3, 142.11
1575282913, 303, 1, 21, 21, 2, 7.80%, 270, 0, 3, 142.00
1575285789, 303, 1, 21, 21, 2, 7.80%, 275, 0, 3, 146.26
1575285794, 303, 1, 21, 21, 2, 7.80%, 279, 0, 3, 146.92
1575285799, 303, 1, 21, 21, 2, 7.80%, 284, 0, 3, 144.25
1575285804, 303, 1, 21, 21, 2, 7.80%, 285, 0, 3, 143.39
1575285830, 303, 1, 21, 21, 2, 7.80%, 286, 0, 3, 147.41
1575285856, 303, 1, 21, 21, 2, 7.80%, 287, 0, 3, 142.74
1575285861, 303, 1, 21, 21, 2, 7.80%, 289, 0, 3, 141.74
1575285866, 303, 1, 21, 21, 2, 7.80%, 291, 0, 3, 145.06
1575285871, 303, 1, 21, 21, 2, 7.80%, 294, 0, 3, 144.35
1575285876, 303, 1, 21, 21, 2, 7.80%, 295, 0, 3, 143.62
1575285891, 303, 1, 21, 21, 2, 7.80%, 296, 0, 3, 145.06
1575285897, 303, 1, 21, 21, 2, 7.80%, 300, 0, 3, 145.15
1575285907, 303, 1, 21, 21, 2, 7.80%, 301, 0, 3, 143.82
1575285912, 303, 1, 21, 21, 2, 7.80%, 306, 0, 3, 1667.25
1575285917, 303, 1, 21, 21, 2, 7.80%, 308, 0, 3, 1326.52
1575285922, 303, 1, 21, 21, 2, 7.80%, 309, 0, 3, 849.99
1575289757, 303, 1, 30, 30, 2, 7.82%, 309, 0, 3, 134.76
1575289762, 303, 1, 33, 33, 2, 7.82%, 309, 0, 3, 125.19
1575289767, 303, 1, 34, 34, 2, 7.82%, 309, 0, 3, 125.42
1575289772, 303, 1, 35, 35, 2, 7.82%, 309, 0, 3, 123.12
1575289777, 303, 1, 37, 37, 2, 7.82%, 309, 0, 3, 124.81
1575289782, 303, 1, 38, 38, 2, 7.82%, 309, 0, 3, 123.34
1575289798, 303, 1, 39, 39, 2, 7.82%, 309, 0, 3, 126.91
1575289808, 303, 1, 40, 40, 2, 7.82%, 309, 0, 3, 123.34
1575289813, 303, 1, 41, 41, 2, 7.82%, 309, 0, 3, 124.68
1575289823, 303, 1, 42, 42, 2, 7.82%, 309, 0, 3, 122.86
1575289890, 303, 1, 43, 43, 2, 7.82%, 309, 0, 3, 127.08
1575289895, 303, 1, 44, 44, 2, 7.82%, 309, 0, 3, 124.74
1575290028, 303, 1, 45, 45, 2, 7.82%, 309, 0, 3, 124.85
1575290069, 303, 1, 46, 46, 2, 7.82%, 309, 0, 3, 124.95
1575290146, 303, 1, 47, 47, 2, 7.82%, 309, 0, 3, 123.29
1575290284, 303, 1, 48, 48, 2, 7.83%, 309, 0, 3, 110.45
1575290300, 303, 1, 51, 51, 2, 7.83%, 309, 0, 3, 89.66
1575290305, 303, 1, 53, 53, 2, 7.83%, 309, 0, 3, 87.34
1575290315, 303, 1, 54, 54, 2, 7.83%, 309, 0, 3, 86.72
1575290320, 303, 1, 56, 56, 2, 8.67%, 309, 0, 3, 86.76
1575290351, 303, 1, 57, 57, 2, 8.67%, 309, 0, 3, 74.19
1575290366, 303, 2, 57, 57, 20, 8.67%, 309, 0, 3, 137.02
1575290417, 303, 2, 57, 57, 20, 8.67%, 310, 0, 3, 1284.45
1575363910, 303, 2, 58, 58, 20, 8.67%, 310, 0, 4, 1428.96
1575364018, 303, 2, 59, 59, 20, 8.67%, 310, 0, 4, 125.47
1575364038, 303, 2, 61, 61, 20, 8.67%, 310, 0, 4, 88.64
1575364084, 303, 2, 62, 62, 20, 8.67%, 310, 0, 4, 98.10
1575364115, 303, 2, 63, 63, 20, 8.67%, 310, 0, 4, 84.60
1575364130, 303, 5, 63, 63, 20, 8.67%, 310, 0, 4, 134.06
1575366714, 303, 5, 63, 63, 20, 8.67%, 311, 0, 4, 142.16
