# unix_time, cycles_done, cur_path, paths_total, pending_total, pending_favs, map_size, unique_crashes, unique_hangs, max_depth, execs_per_sec
1573529614, 0, 0, 1, 1, 1, 0.70%, 0, 0, 1, 82.47
1573529619, 0, 0, 3, 3, 1, 0.71%, 0, 0, 2, 106.45
1573529624, 0, 0, 9, 9, 1, 0.77%, 1, 0, 2, 108.96
1573529634, 0, 0, 10, 10, 1, 0.77%, 1, 0, 2, 104.37
1573529639, 0, 0, 11, 11, 1, 0.77%, 1, 0, 2, 100.96
1573529675, 0, 0, 12, 12, 1, 0.77%, 1, 0, 2, 99.46
1573529680, 0, 0, 13, 13, 1, 0.77%, 1, 0, 2, 101.54
1573529690, 0, 0, 14, 14, 1, 0.77%, 1, 0, 2, 106.91
1573529741, 0, 0, 15, 15, 1, 0.78%, 1, 0, 2, 100.89
1573529761, 0, 0, 16, 16, 1, 0.78%, 1, 0, 2, 116.07
1573529766, 0, 0, 19, 19, 1, 0.78%, 1, 0, 2, 122.72
1573529874, 0, 0, 21, 21, 1, 0.79%, 2, 0, 2, 139.69
1573530359, 0, 0, 22, 22, 1, 0.79%, 2, 0, 2, 114.26
1573530931, 0, 0, 23, 23, 1, 0.79%, 2, 0, 2, 101.38
1573531029, 0, 0, 25, 25, 1, 0.83%, 5, 0, 2, 108.84
1573531034, 0, 0, 26, 26, 1, 0.83%, 9, 0, 2, 138.12
1573531064, 0, 0, 28, 28, 1, 0.83%, 12, 0, 2, 173.43
1573531069, 0, 0, 29, 29, 1, 0.84%, 13, 0, 2, 148.19
1573531080, 0, 0, 30, 30, 1, 0.85%, 17, 0, 2, 123.82
1573531141, 0, 0, 31, 31, 1, 0.85%, 17, 0, 2, 106.85
1573531147, 0, 0, 31, 31, 1, 0.85%, 20, 0, 2, 110.04
1573531167, 0, 0, 31, 31, 1, 0.85%, 24, 0, 2, 212.41
1573531197, 0, 0, 31, 31, 1, 0.85%, 26, 0, 2, 221.96
1573531208, 0, 0, 31, 31, 1, 0.85%, 29, 0, 2, 146.75
1573531274, 0, 0, 31, 31, 1, 0.85%, 31, 0, 2, 98.98
1573531295, 0, 0, 31, 31, 1, 0.85%, 32, 0, 2, 100.78
1573531300, 0, 0, 31, 31, 1, 0.85%, 36, 0, 2, 100.36
1573531336, 0, 5, 31, 31, 15, 0.85%, 36, 0, 2, 26.66
1573531382, 0, 11, 31, 31, 15, 0.85%, 36, 0, 2, 24.77
1573531417, 0, 13, 31, 31, 15, 0.85%, 36, 0, 2, 24.38
1573531448, 0, 14, 31, 31, 15, 0.85%, 36, 0, 2, 24.76
1573531474, 0, 14, 32, 32, 15, 0.85%, 36, 0, 3, 29.52
1573531484, 0, 15, 32, 32, 15, 0.85%, 36, 0, 3, 167.29
1573531489, 0, 15, 34, 34, 15, 0.85%, 37, 0, 3, 166.75
1573531515, 0, 15, 36, 36, 15, 0.85%, 37, 0, 3, 1616.09
1573531520, 0, 15, 37, 37, 15, 0.85%, 37, 0, 3, 1104.31
1573531525, 0, 15, 38, 38, 15, 0.85%, 38, 0, 3, 163.91
1573531556, 0, 15, 39, 39, 15, 0.85%, 38, 0, 3, 168.84
1573531566, 0, 15, 40, 40, 15, 0.85%, 38, 0, 3, 167.39
1573531582, 0, 15, 41, 41, 15, 0.85%, 38, 0, 3, 166.56
1573532139, 0, 15, 41, 41, 15, 0.85%, 40, 0, 3, 169.29
1573532145, 0, 15, 42, 42, 15, 0.85%, 40, 0, 3, 168.90
1573532150, 0, 15, 43, 43, 15, 0.85%, 40, 0, 3, 168.40
1573532155, 0, 15, 44, 44, 15, 0.85%, 40, 0, 3, 171.99
1573532186, 0, 15, 45, 45, 15, 0.85%, 41, 0, 3, 167.68
1573532232, 0, 15, 48, 48, 15, 0.88%, 41, 0, 3, 166.61
1573532268, 0, 15, 48, 48, 15, 0.88%, 44, 0, 3, 169.71
1573532314, 0, 15, 48, 48, 15, 0.88%, 45, 0, 3, 167.96
1573532360, 0, 15, 48, 48, 15, 0.88%, 47, 0, 3, 159.73
1573532370, 0, 15, 48, 48, 15, 0.88%, 49, 0, 3, 164.11
1573532406, 0, 15, 48, 48, 15, 0.88%, 50, 0, 3, 161.64
1573532411, 0, 15, 49, 49, 15, 0.88%, 51, 0, 3, 1487.58
1573532416, 0, 15, 51, 51, 15, 0.90%, 55, 0, 3, 1439.40
1573532421, 0, 15, 52, 52, 15, 0.90%, 56, 0, 3, 981.61
1573532442, 0, 15, 52, 52, 15, 0.90%, 57, 0, 3, 166.46
1573532488, 0, 15, 53, 53, 15, 0.90%, 57, 0, 3, 166.89
1573532493, 0, 15, 53, 53, 15, 0.90%, 58, 0, 3, 164.97
1573532534, 0, 15, 53, 53, 15, 0.90%, 59, 0, 3, 162.77
1573532580, 0, 15, 53, 53, 15, 0.90%, 60, 0, 3, 165.63
1573532590, 0, 15, 53, 53, 15, 0.90%, 61, 0, 3, 169.75
1573532677, 0, 15, 53, 53, 15, 0.90%, 62, 0, 3, 165.25
1573532692, 0, 15, 54, 54, 15, 0.90%, 62, 0, 3, 168.31
1573532728, 0, 15, 54, 54, 15, 0.90%, 63, 0, 3, 164.32
1573532907, 0, 15, 54, 54, 15, 0.90%, 64, 0, 3, 167.46
1573532948, 0, 15, 54, 54, 15, 0.90%, 66, 0, 3, 236.40
1573532954, 0, 15, 54, 54, 15, 0.90%, 67, 0, 3, 246.13
1573533609, 0, 15, 55, 55, 15, 0.91%, 67, 0, 3, 167.31
1573533630, 0, 15, 55, 55, 15, 0.91%, 68, 0, 3, 171.72
1573533635, 0, 15, 55, 55, 15, 0.91%, 69, 0, 3, 170.83
1573550389, 0, 15, 55, 55, 15, 0.91%, 70, 0, 3, 164.44
1573550394, 0, 15, 55, 55, 15, 0.91%, 80, 0, 3, 163.72
1573550400, 0, 15, 55, 55, 15, 0.91%, 85, 0, 3, 166.95
1573550405, 0, 15, 55, 55, 15, 0.91%, 87, 0, 3, 163.30
1573551167, 0, 15, 56, 56, 15, 0.92%, 87, 0, 3, 164.05
1573551173, 0, 15, 56, 56, 15, 0.92%, 88, 0, 3, 161.69
1573551178, 0, 15, 56, 56, 15, 0.92%, 89, 0, 3, 164.58
1573551183, 0, 15, 56, 56, 15, 0.92%, 90, 0, 3, 162.68
1573551316, 0, 15, 58, 58, 15, 0.94%, 91, 0, 3, 1558.36
1573551511, 0, 15, 79, 79, 15, 0.94%, 91, 0, 3, 168.90
1573551516, 0, 15, 93, 93, 15, 0.94%, 91, 0, 3, 164.36
1573551521, 0, 15, 98, 98, 15, 0.94%, 91, 0, 3, 161.86
1573551526, 0, 15, 100, 100, 15, 0.94%, 91, 0, 3, 161.49
1573551536, 0, 15, 104, 104, 15, 0.94%, 91, 0, 3, 160.10
1573551547, 0, 15, 106, 106, 15, 0.94%, 91, 0, 3, 155.45
1573551557, 0, 15, 106, 106, 15, 0.94%, 92, 0, 3, 158.71
1573551562, 0, 15, 107, 107, 15, 0.94%, 92, 0, 3, 161.14
1573551608, 0, 15, 108, 108, 15, 0.94%, 92, 0, 3, 155.42
1573551670, 0, 20, 108, 108, 25, 0.94%, 92, 0, 3, 25.12
1573551710, 0, 23, 108, 108, 25, 0.94%, 92, 0, 3, 166.76
1573551849, 0, 23, 110, 110, 25, 0.95%, 92, 0, 3, 166.46
1573551854, 0, 23, 113, 113, 25, 0.96%, 92, 0, 3, 163.82
1573553231, 0, 23, 114, 114, 25, 0.96%, 92, 0, 3, 247.62
1573571949, 0, 23, 115, 115, 25, 0.96%, 92, 0, 3, 156.32
1573571954, 0, 23, 116, 116, 25, 0.96%, 92, 0, 3, 154.91
1573571965, 0, 23, 117, 117, 25, 0.96%, 92, 0, 3, 156.45
1573571995, 0, 23, 118, 118, 25, 0.96%, 92, 0, 3, 155.73
1573572006, 0, 23, 119, 119, 25, 0.96%, 92, 0, 3, 1672.27
1573572011, 0, 23, 120, 120, 25, 0.96%, 92, 0, 3, 1600.93
1573572016, 0, 24, 121, 121, 29, 0.96%, 92, 0, 3, 205.34
1573572077, 0, 26, 121, 121, 29, 0.96%, 92, 0, 3, 41.44
1573572087, 0, 26, 122, 122, 29, 0.96%, 92, 0, 3, 59.72
1573572098, 0, 26, 123, 123, 29, 0.96%, 92, 0, 3, 57.37
1573572139, 0, 26, 124, 124, 29, 0.96%, 92, 0, 3, 58.62
1573572159, 0, 26, 125, 125, 29, 0.96%, 92, 0, 3, 57.34
1573572180, 0, 26, 126, 126, 29, 0.96%, 92, 0, 3, 61.55
1573574216, 0, 26, 126, 126, 29, 0.96%, 94, 0, 3, 63.12
1573574293, 0, 26, 127, 127, 29, 0.96%, 94, 0, 3, 61.71
1573574359, 0, 26, 128, 128, 29, 0.96%, 95, 0, 3, 59.55
1573574677, 0, 26, 128, 128, 29, 0.96%, 98, 0, 3, 57.88
1573574708, 0, 26, 129, 129, 29, 0.96%, 98, 0, 3, 599.78
1573574897, 0, 26, 129, 129, 29, 0.96%, 99, 0, 3, 58.87
1573575214, 0, 26, 129, 129, 29, 0.96%, 100, 0, 3, 62.03
1573575362, 0, 26, 129, 129, 29, 0.96%, 103, 0, 3, 59.32
1573575536, 0, 26, 129, 129, 29, 0.96%, 104, 0, 3, 59.13
1573575588, 0, 26, 130, 130, 29, 0.96%, 104, 0, 3, 56.78
1573575833, 0, 26, 131, 131, 29, 0.96%, 104, 0, 3, 63.27
1573575884, 0, 26, 131, 131, 29, 0.96%, 105, 0, 3, 61.31
1573576033, 0, 26, 131, 131, 29, 0.96%, 107, 0, 3, 64.84
1573576104, 0, 26, 132, 132, 29, 0.96%, 107, 0, 3, 66.17
1573576514, 0, 26, 132, 132, 29, 0.96%, 113, 0, 3, 491.29
1573576519, 0, 26, 132, 132, 29, 0.96%, 115, 0, 3, 323.40
1573580515, 0, 26, 132, 132, 29, 0.96%, 116, 0, 3, 62.97
